             -0           0.25       -1.49505      0.0126567    6.14417e-06            0.5    1.55616e-09           -nan           -nan           -nan              0        3.14159        3.14159
           -0.5       0.263859       -1.49198      0.0115775     0.00058127       0.468855    0.000951943    0.000315486    3.17482e-06    6.18232e-05    9.85882e-05        3.14159        3.14159
             -1       0.279392       -1.48219      0.0106406     0.00256431        0.43833     0.00103733    0.000512601    3.86746e-06    9.29402e-05    0.000139877        3.14159        3.14159
           -1.5       0.296802       -1.46643      0.0097864     0.00566831       0.407621     0.00126126    0.000671243    3.80201e-06    0.000121096    0.000157728        3.14159        3.14159
             -2       0.311758       -1.44463     0.00901933     0.00983417       0.377845     0.00136059     0.00084908    3.48908e-06    0.000135376    0.000152941        3.14159        3.14159
           -2.5       0.321147       -1.41536     0.00831554      0.0153845       0.348714      0.0014857    0.000978495    3.58263e-06    0.000171802    0.000184454        3.14159        3.14159
             -3       0.340272       -1.38114     0.00763289      0.0218774       0.318955     0.00157888      0.0012007    4.20518e-06    0.000230126    0.000224624        3.14159        3.14159
           -3.5       0.353569       -1.33785     0.00698399      0.0300242        0.28979     0.00140738     0.00130883    4.92463e-06    0.000253191    0.000294906        3.14159        3.14159
             -4       0.371134       -1.28748     0.00634658      0.0397755       0.260576     0.00171221     0.00137808    5.66059e-06    0.000349144    0.000313495        3.14159        3.14159
           -4.5       0.381102       -1.23479     0.00573747      0.0492165       0.232428     0.00186965     0.00151702    5.82407e-06    0.000404811    0.000330188        3.14159        3.14159
             -5       0.398501       -1.17856     0.00516021      0.0609295       0.205467     0.00203426     0.00184745    7.21428e-06    0.000525749    0.000418471        3.14159        3.14159
           -5.5       0.410022       -1.11444     0.00460535      0.0727301       0.180081     0.00205453     0.00197779    7.74081e-06    0.000669566    0.000346658        3.14159        3.14159
             -6       0.423443       -1.05581     0.00412816       0.086727       0.158873     0.00269864     0.00243691    7.36436e-06    0.000873979    0.000354729        3.14159        3.14159
           -6.5       0.428805      -0.996438     0.00367983      0.0998226       0.138787     0.00261166     0.00271861    8.11982e-06     0.00112199    0.000338117        3.14159        3.14159
             -7       0.436005      -0.936547     0.00328445       0.114462        0.12209      0.0037056     0.00326017    9.35142e-06     0.00156622    0.000373652        3.14159        3.14159
           -7.5       0.434598      -0.885118     0.00294293       0.124846       0.107601      0.0042941     0.00380319    1.15202e-05      0.0017961    0.000510625        3.14159        3.14159
             -8        0.42813      -0.835942     0.00265701       0.131925      0.0963486     0.00455672     0.00395531    1.17775e-05     0.00211712    0.000364681        3.14159        3.14159
