             -0           0.25       -1.49991      0.0126946    2.06116e-09            0.5    1.21321e-09    9.70064e-09    2.85033e-11           -nan              0        3.14159        3.14159
           -0.5       0.267661        -1.4969      0.0113992    0.000585784        0.46423     0.00142143    0.000376311    4.35483e-06    4.81429e-05    0.000122422        3.14159        3.14159
             -1       0.284893        -1.4878      0.0103454     0.00243839       0.429717      0.0016342    0.000588927    4.68301e-06    7.47511e-05    0.000165708        3.14159        3.14159
           -1.5       0.303944       -1.47465     0.00946209     0.00540452       0.396682     0.00203959    0.000868077    4.53599e-06    9.21996e-05    0.000194494        3.14159        3.14159
             -2       0.318412       -1.45344     0.00869747     0.00930003       0.364575     0.00206281     0.00105193    4.79029e-06    0.000134688    0.000335732        3.14159        3.14159
           -2.5       0.335324       -1.42759     0.00799642      0.0144173       0.332999     0.00218127     0.00123669    5.38601e-06    0.000183038    0.000345902        3.14159        3.14159
             -3       0.347007       -1.39477     0.00734494      0.0206496        0.30172     0.00246212     0.00141976    5.92555e-06     0.00022513    0.000429673        3.14159        3.14159
           -3.5        0.36067       -1.35303     0.00670402      0.0273033       0.269876     0.00217862     0.00169008      8.088e-06    0.000298552    0.000612678        3.14159        3.14159
             -4       0.373557       -1.31313     0.00575143      0.0339076       0.222467     0.00892549     0.00196962    0.000327774    0.000362245      0.0177247        3.14159        3.14159
             -4       0.397312       -1.31239     0.00302604       0.033879       0.176199      0.0324128     0.00193721     0.00307979    0.000365388      0.0649422        3.14159        3.14159
           -4.5       0.373868       -1.26458     0.00540702      0.0412324       0.208252     0.00241192     0.00215636    9.24626e-05    0.000403978     0.00263999        3.14159        3.14159
             -5       0.381238       -1.21702     0.00458575       0.047863       0.151857      0.0119276     0.00267573     0.00020947    0.000642507      0.0229455        3.14159        3.14159
             -4       0.369272       -1.31141     0.00611025       0.034391       0.241335     0.00186153     0.00168754    6.22127e-06    0.000335573    0.000438239        3.14159        3.14159
             -5       0.383097       -1.22199     0.00434869      0.0479749       0.157661      0.0081757     0.00185999    0.000358198    0.000478623      0.0154977        3.14159        3.14159
             -5         1.3111       -1.21898     -0.0356757      0.0475535       -1.70568       0.882873     0.00173879      0.0403651     0.00069171        1.76598        3.14159        3.14159
             -5        1.01083       -1.21716     -0.0014512       0.048512       -1.11913        0.54002     0.00202421     0.00419885     0.00109552        1.07935        3.14159        3.14159
             -5       0.368925       -1.21556      0.0046532      0.0473969       0.175026     0.00327284     0.00178485    0.000125245     0.00050504     0.00508382        3.14159        3.14159
