              0              0        3.14159        3.14159     0.00222826    0.000449212
              0              1        3.14159         2.0944     0.00429116     0.00041645
              0              2        3.14159         1.0472       0.133111      0.0011852
              0              3        3.14159    2.22045e-16       0.414615     0.00307985
              0              4        3.14159        -1.0472       0.133192     0.00132756
              0              5        3.14159        -2.0944     0.00517329     0.00041821
              0              6        3.14159       -3.14159     0.00143509    0.000459964
              1              0         2.0944        3.14159     0.00555213     0.00037039
              1              1         2.0944         2.0944      0.0221131    0.000739567
              1              2         2.0944         1.0472        0.41959     0.00290755
              1              3         2.0944    2.22045e-16        0.14406     0.00143071
              1              4         2.0944        -1.0472        0.42212     0.00206924
              1              5         2.0944        -2.0944       0.021243    0.000780613
              2              0         1.0472        3.14159       0.131609     0.00137544
              2              1         1.0472         2.0944       0.418042     0.00245903
              2              2         1.0472         1.0472      0.0255417    0.000721143
              2              3         1.0472    2.22045e-16     0.00629799    0.000309029
              2              4         1.0472        -1.0472      0.0266815     0.00055418
              3              0    2.22045e-16        3.14159       0.414702     0.00316176
              3              1    2.22045e-16         2.0944       0.142414     0.00133666
              3              2    2.22045e-16         1.0472     0.00643391    0.000524139
              3              3    2.22045e-16    2.22045e-16     0.00178812    0.000446505
              4              0        -1.0472        3.14159       0.134135     0.00142612
              4              1        -1.0472         2.0944       0.424782     0.00239599
              4              2        -1.0472         1.0472      0.0244986    0.000643898
              5              0        -2.0944        3.14159      0.0048596    0.000414568
              5              1        -2.0944         2.0944      0.0225303    0.000632527
              6              0       -3.14159        3.14159     0.00100124    0.000437935
