              0              0        3.14159        3.14159    0.000274654           -nan
              0              1        3.14159        2.35619    0.000912667           -nan
              0              2        3.14159         1.5708      0.0165671    1.64013e-10
              0              3        3.14159       0.785398       0.274569           -nan
              0              4        3.14159              0            0.5           -nan
              0              5        3.14159      -0.785398       0.274569    1.92148e-09
              0              6        3.14159        -1.5708      0.0165671           -nan
              0              7        3.14159       -2.35619    0.000912667           -nan
              0              8        3.14159       -3.14159    0.000274654           -nan
              1              0        2.35619        3.14159    0.000912667           -nan
              1              1        2.35619        2.35619     0.00303274     2.7174e-11
              1              2        2.35619         1.5708       0.054879    4.00823e-10
              1              3        2.35619       0.785398            0.5           -nan
              1              4        2.35619              0       0.291133           -nan
              1              5        2.35619      -0.785398            0.5           -nan
              1              6        2.35619        -1.5708       0.054879    3.12936e-10
              1              7        2.35619       -2.35619     0.00303274    2.17839e-11
              2              0         1.5708        3.14159      0.0165671           -nan
              2              1         1.5708        2.35619       0.054879    3.45233e-10
              2              2         1.5708         1.5708            0.5           -nan
              2              3         1.5708       0.785398      0.0632156           -nan
              2              4         1.5708              0      0.0202351    8.93567e-11
              2              5         1.5708      -0.785398      0.0632156           -nan
              2              6         1.5708        -1.5708            0.5           -nan
              3              0       0.785398        3.14159       0.274569           -nan
              3              1       0.785398        2.35619            0.5           -nan
              3              2       0.785398         1.5708      0.0632156    5.15599e-10
              3              3       0.785398       0.785398     0.00402414    2.22671e-11
              3              4       0.785398              0     0.00128407    5.25224e-12
              3              5       0.785398      -0.785398     0.00402414           -nan
              4              0              0        3.14159            0.5           -nan
              4              1              0        2.35619       0.291133           -nan
              4              2              0         1.5708      0.0202351    3.35607e-11
              4              3              0       0.785398     0.00128407    8.25229e-12
              4              4              0              0    0.000409735    2.82491e-12
              5              0      -0.785398        3.14159       0.274569           -nan
              5              1      -0.785398        2.35619            0.5           -nan
              5              2      -0.785398         1.5708      0.0632156           -nan
              5              3      -0.785398       0.785398     0.00402414           -nan
              6              0        -1.5708        3.14159      0.0165671           -nan
              6              1        -1.5708        2.35619       0.054879           -nan
              6              2        -1.5708         1.5708            0.5           -nan
              7              0       -2.35619        3.14159    0.000912667    2.45986e-12
              7              1       -2.35619        2.35619     0.00303274    2.17839e-11
              8              0       -3.14159        3.14159    0.000274654           -nan
