              0              0        3.14159        3.14159    0.000274654           -nan
              0              1        3.14159         2.0944     0.00213347    1.34984e-11
              0              2        3.14159         1.0472       0.126419    8.99609e-10
              0              3        3.14159    2.22045e-16            0.5           -nan
              0              4        3.14159        -1.0472       0.126419    8.99609e-10
              0              5        3.14159        -2.0944     0.00213347    1.51615e-11
              0              6        3.14159       -3.14159    0.000274654           -nan
              1              0         2.0944        3.14159     0.00213347           -nan
              1              1         2.0944         2.0944      0.0165671           -nan
              1              2         2.0944         1.0472            0.5           -nan
              1              3         2.0944    2.22045e-16       0.139715           -nan
              1              4         2.0944        -1.0472            0.5           -nan
              1              5         2.0944        -2.0944      0.0165671           -nan
              2              0         1.0472        3.14159       0.126419    1.13228e-09
              2              1         1.0472         2.0944            0.5           -nan
              2              2         1.0472         1.0472      0.0202351    7.53808e-11
              2              3         1.0472    2.22045e-16     0.00287988    2.86525e-11
              2              4         1.0472        -1.0472      0.0202351           -nan
              3              0    2.22045e-16        3.14159            0.5           -nan
              3              1    2.22045e-16         2.0944       0.139715    3.95425e-10
              3              2    2.22045e-16         1.0472     0.00287988           -nan
              3              3    2.22045e-16    2.22045e-16    0.000409735    1.92075e-12
              4              0        -1.0472        3.14159       0.126419    1.13228e-09
              4              1        -1.0472         2.0944            0.5           -nan
              4              2        -1.0472         1.0472      0.0202351    1.64114e-10
              5              0        -2.0944        3.14159     0.00213347           -nan
              5              1        -2.0944         2.0944      0.0165671     1.3188e-10
              6              0       -3.14159        3.14159    0.000274654           -nan
