              0              0        3.14159        3.14159     0.00281492    0.000654228
              0              1        3.14159         1.5708      0.0229662     0.00105468
              0              2        3.14159              0       0.393552     0.00448205
              0              3        3.14159        -1.5708       0.021036     0.00070216
              0              4        3.14159       -3.14159      0.0029336    0.000675887
              1              0         1.5708        3.14159      0.0224564     0.00102053
              1              1         1.5708         1.5708       0.393034     0.00338675
              1              2         1.5708              0       0.023965     0.00110353
              1              3         1.5708        -1.5708       0.388126      0.0031954
              2              0              0        3.14159       0.390843     0.00370519
              2              1              0         1.5708      0.0241409    0.000881093
              2              2              0              0     0.00202529    0.000572318
              3              0        -1.5708        3.14159      0.0212845    0.000788104
              3              1        -1.5708         1.5708       0.388715     0.00330381
              4              0       -3.14159        3.14159     0.00242733    0.000633523
