              0              0        3.14159        3.14159    0.000274654           -nan
              0              1        3.14159         1.5708      0.0165671     6.8319e-11
              0              2        3.14159              0            0.5    2.41729e-09
              0              3        3.14159        -1.5708      0.0165671    8.86832e-11
              0              4        3.14159       -3.14159    0.000274654           -nan
              1              0         1.5708        3.14159      0.0165671    5.90973e-11
              1              1         1.5708         1.5708            0.5           -nan
              1              2         1.5708              0      0.0202351    1.10678e-10
              1              3         1.5708        -1.5708            0.5    1.70928e-09
              2              0              0        3.14159            0.5    1.70928e-09
              2              1              0         1.5708      0.0202351    1.06116e-10
              2              2              0              0    0.000409735           -nan
              3              0        -1.5708        3.14159      0.0165671    5.90973e-11
              3              1        -1.5708         1.5708            0.5    1.70928e-09
              4              0       -3.14159        3.14159    0.000274654           -nan
