              0              0        3.14159        3.14159     0.00101685     0.00234744
              0              1        3.14159         1.5708       0.026274     0.00194422
              0              2        3.14159              0       0.176089     0.00722877
              0              3        3.14159        -1.5708      0.0213607     0.00242857
              0              4        3.14159       -3.14159      0.0038029     0.00205304
              1              0         1.5708        3.14159      0.0290092     0.00248865
              1              1         1.5708         1.5708       0.177071      0.0047084
              1              2         1.5708              0      0.0243353     0.00224944
              1              3         1.5708        -1.5708       0.177373     0.00594687
              2              0              0        3.14159       0.187785     0.00710451
              2              1              0         1.5708      0.0251547     0.00269302
              2              2              0              0     0.00323266     0.00186615
              3              0        -1.5708        3.14159      0.0228647     0.00249526
              3              1        -1.5708         1.5708       0.180245     0.00547886
              4              0       -3.14159        3.14159     0.00361825     0.00147975
