             -4              5       0.368333       -1.31228     0.00601446      0.0364079       0.236367     0.00261404     0.00296729    1.29572e-05    0.000516394     0.00101316        3.14159        3.14159
             -4        3.33333       0.374108       -1.30009     0.00632245      0.0386609       0.257916     0.00243771     0.00192731    7.39999e-06     0.00045623     0.00045453        3.14159        3.14159
             -4              2       0.371545       -1.22951     0.00629481      0.0451592       0.265026     0.00205235     0.00166307    6.95907e-06    0.000468553    0.000350108        3.14159        3.14159
             -4        1.42857       0.370505       -1.15691     0.00612535      0.0519229       0.266014     0.00201352     0.00168276    9.29055e-06    0.000614885    0.000442656        3.14159        3.14159
             -4        1.11111       0.364736       -1.08134     0.00596513      0.0636544       0.268701     0.00267722     0.00178086    1.06892e-05    0.000710425    0.000493005        3.14159        3.14159
             -4            2.5       0.368133       -1.26382     0.00633412      0.0413645       0.262939     0.00258343      0.0021012    1.03399e-05    0.000515881    0.000532535        3.14159        3.14159
             -4        1.66667       0.374105       -1.20166     0.00622608      0.0478189        0.26594     0.00282055     0.00212387    9.20979e-06    0.000621659    0.000429915        3.14159        3.14159
             -4           1.25       0.371308       -1.12207     0.00604462      0.0574098       0.267233     0.00341457     0.00202723    1.37765e-05    0.000890495    0.000643235        3.14159        3.14159
             -4              1       0.368359       -1.04778       0.005936       0.070148       0.272484      0.0024859     0.00177719    1.11987e-05    0.000742132    0.000564517        3.14159        3.14159
             -4       0.833333        0.36225      -0.981742      0.0058405      0.0844817       0.278241     0.00305278      0.0014421    1.29997e-05    0.000940177    0.000667303        3.14159        3.14159
             -4       0.714286       0.358644      -0.919037     0.00582807       0.100955       0.287827     0.00349258     0.00176997    1.39437e-05     0.00146524    0.000701174        3.14159        3.14159
             -4          0.625       0.350881      -0.863323     0.00584534       0.116136       0.298066     0.00310197     0.00147312    1.20132e-05     0.00143323    0.000642189        3.14159        3.14159
             -4       0.555556       0.346368      -0.810097     0.00585931       0.133629       0.307215     0.00274262     0.00131005    1.37665e-05     0.00147559    0.000775029        3.14159        3.14159
             -4            0.5       0.341371      -0.764504     0.00589539       0.149683       0.316643     0.00308887     0.00136408    1.31857e-05     0.00190996    0.000723766        3.14159        3.14159
             -4       0.454545       0.335238      -0.719552     0.00594616       0.165828       0.326242     0.00304093     0.00104027     1.5242e-05     0.00188573    0.000861103        3.14159        3.14159
             -4       0.416667       0.331376      -0.680209     0.00600166        0.18103       0.335177      0.0032004     0.00110042    1.28489e-05     0.00204593    0.000730941        3.14159        3.14159
             -4       0.384615       0.332384      -0.641461     0.00606021       0.200256       0.343827     0.00269296    0.000806205    1.20856e-05     0.00189891    0.000693595        3.14159        3.14159
             -4       0.357143       0.327864      -0.609995     0.00611707       0.213045       0.351578     0.00258312    0.000831827    1.30175e-05      0.0019791    0.000759326        3.14159        3.14159
             -4       0.454545       0.336626      -0.718894      0.0059395        0.16661       0.325885     0.00251483    0.000970758     1.0636e-05     0.00157384    0.000600619        3.14159        3.14159
             -4       0.416667       0.332891      -0.679678     0.00600245        0.18218       0.335255     0.00242236    0.000806434    9.90258e-06     0.00163517    0.000560572        3.14159        3.14159
             -4       0.384615       0.325015      -0.644241     0.00606031       0.194221       0.343712     0.00229774    0.000743747    8.89118e-06     0.00163465    0.000518595        3.14159        3.14159
             -4       0.357143       0.326576      -0.609658     0.00610385       0.212155       0.350783     0.00240951    0.000655168    9.90158e-06     0.00175117    0.000580982        3.14159        3.14159
             -4       0.333333       0.321478      -0.579057     0.00616794       0.224139       0.358538     0.00205299    0.000625392    1.15512e-05     0.00155305    0.000680396        3.14159        3.14159
             -4       0.384615       0.329183      -0.643273     0.00606113       0.197261       0.343811     0.00253902    0.000740233    1.13224e-05     0.00177581    0.000654294        3.14159        3.14159
             -4       0.357143       0.323295      -0.610538      0.0061108       0.209477       0.351158     0.00245212    0.000674598    1.10568e-05     0.00177776    0.000648106        3.14159        3.14159
             -4              5       0.387148       -1.30935     0.00561746      0.0347814        0.19123      0.0216033     0.00185933    0.000365474    0.000404838      0.0425629        3.14159        3.14159
             -4            2.5       0.367229       -1.26654      0.0063581      0.0410288       0.264128     0.00231718     0.00188458     6.7557e-06    0.000432617    0.000357406        3.14159        3.14159
             -4        1.66667       0.365138       -1.19574     0.00622895      0.0472031       0.266242     0.00224648     0.00192838    8.43456e-06    0.000538109    0.000390324        3.14159        3.14159
             -4           1.25       0.366686       -1.11935     0.00605217       0.057614       0.267548     0.00250902     0.00173211    8.86367e-06     0.00070552    0.000410837        3.14159        3.14159
             -4              1       0.363899       -1.04762     0.00591444      0.0697375       0.271552     0.00242884     0.00148051    9.39081e-06     0.00071998    0.000461187        3.14159        3.14159
             -4              5       0.364438       -1.31252     0.00585582      0.0338731       0.227801     0.00663952     0.00285992    0.000240612    0.000551362      0.0108355        3.14159        3.14159
             -4              5       0.367833       -1.30953     0.00590279      0.0349554       0.228666     0.00348836     0.00172253    9.95534e-05    0.000452646     0.00543225        3.14159        3.14159
             -4              5       0.409691       -1.31097     0.00555911      0.0345653       0.137381      0.0507228     0.00175393    0.000507729    0.000272658       0.101402        3.14159        3.14159
             -4              5       0.888854       -1.31383      0.0052593      0.0325713      -0.825686       0.529853     0.00161868     0.00068364     0.00178015        1.05954        3.14159        3.14159
             -4              5       0.370027       -1.31074     0.00606516      0.0348962       0.221173     0.00796869     0.00158489    1.88137e-05    0.000324574      0.0155732        3.14159        3.14159
             -4              5       0.370671       -1.31058      0.0058255      0.0346063       0.220955     0.00593557     0.00146786    0.000184569     0.00026899        0.01112        3.14159        3.14159
