              4           0.25        0.01136     0.00666669
              4           0.25      0.0073754     0.00503998
              4           0.25     0.00265001     0.00472951
              4           0.25      0.0106781     0.00477663
              4           0.25     0.00656689      0.0046867             
              4           0.25      0.0034424      0.0046774
              5            0.2       0.015581     0.00848918
              5            0.2     0.00695959     0.00956954
              5            0.2      0.0238232     0.00876434
              5            0.2      0.0190868     0.00843373
              5            0.2      0.0110422     0.00882643
              5            0.2     0.00895434     0.00861848
              5            0.2      0.0136053     0.00866634
              6       0.166667      0.0297978      0.0148438
              6       0.166667      0.0261318      0.0153901
              6       0.166667      0.0277418      0.0129352
              6       0.166667      0.0261423      0.0142501
              6       0.166667      0.0378959      0.0132816
              6       0.166667      0.0386378      0.0134653
              8          0.125      0.0285442      0.0266229
              8          0.125      0.0983117      0.0336278
              8          0.125      0.0786415      0.0249605
              8          0.125      0.0631507       0.028514
              8          0.125       0.060172      0.0233434
              8          0.125      0.0663399      0.0222972
              8          0.125      0.0464738       0.022159
              8          0.125      0.0011235      0.0347672
              8          0.125      0.0385701      0.0223583
              8          0.125      0.0280965      0.0242051
              8          0.125       0.062924      0.0254648
              8          0.125      0.0617287      0.0232005
              8          0.125      0.0746408      0.0272857
              8          0.125      0.0513053      0.0237252
             10            0.1       0.147504      0.0443095
             10            0.1      0.0537974      0.0370532
             10            0.1      0.0902471      0.0312055
             10            0.1      0.0985434      0.0310648
             10            0.1       0.100123      0.0302698
             10            0.1      0.0897064      0.0369833
             10            0.1      0.0753604       0.032765
             10            0.1       0.071243      0.0330533
             10            0.1      0.0547004      0.0290618
             10            0.1      0.0642977      0.0329503
             10            0.1      0.0633724      0.0329153
             12      0.0833333      0.0932141      0.0556775
             12      0.0833333       0.064841      0.0429747
              8          0.125       0.035381      0.0231921
              8          0.125       0.075566      0.0247266
              8          0.125      0.0877386      0.0275585
              8          0.125      0.0509273        0.02382
             12      0.0833333       0.144317      0.0397251
             12      0.0833333      0.0428533      0.0563864
             12      0.0833333       0.102743      0.0404065
             12      0.0833333      0.0424352      0.0421603
             12      0.0833333       0.106623      0.0453845
             12      0.0833333       0.159444       0.045335
             12      0.0833333      0.0445955      0.0449273
             12      0.0833333       0.102782      0.0400891
             12      0.0833333       0.181249      0.0476073
              8          0.125      0.0817515      0.0225292
              8          0.125      0.0652652      0.0273076
              8          0.125      0.0382274      0.0194397
             12      0.0833333      0.0814188       0.043745
             12      0.0833333       0.135676      0.0485653
             12      0.0833333       0.148374       0.049146
             12      0.0833333       0.102516      0.0478488
             12      0.0833333         0.1107      0.0406006
             12      0.0833333       0.059441      0.0450764
