              4           0.25      0.0314735     0.00987624
              4           0.25      0.0261301      0.0100695
              4           0.25      0.0238333      0.0102945
              4           0.25      0.0159156      0.0104956
              4           0.25      0.0204622      0.0101078
              4           0.25      0.0233382      0.0111186
              4           0.25      0.0245965      0.0107347
              4           0.25      0.0236784     0.00181503
              6       0.166667      0.0566758       0.027954
              6       0.166667      0.0363475      0.0270526
              6       0.166667      0.0781084      0.0277982
              6       0.166667      0.0632292         0.0345
              6       0.166667      0.0621412      0.0298456
              6       0.166667       0.072635      0.0308019
              6       0.166667      0.0827423      0.0288541
              6       0.166667      0.0713852      0.0260155
              6       0.166667      0.0774562      0.0255691
              8          0.125        0.13452      0.0504255
              8          0.125       0.224066      0.0466449
              8          0.125       0.211587      0.0436093
              8          0.125       0.110049      0.0454692
              8          0.125       0.145252      0.0435956
              8          0.125      0.0922175      0.0508509
              8          0.125       0.177793      0.0568724
              8          0.125       0.181905      0.0540573
              8          0.125       0.140916      0.0443804
              8          0.125       0.162796      0.0469868
              8          0.125       0.150586      0.0383503
              8          0.125       0.085042      0.0441522
              8          0.125        0.14997      0.0535379
              8          0.125       0.121849      0.0524604
             10            0.1       0.115522      0.0679561
             10            0.1        0.24667      0.0673078
             10            0.1       0.244546      0.0648742
             10            0.1       0.219701      0.0612678
             10            0.1       0.176665      0.0697473
             10            0.1       0.213858      0.0742079
             10            0.1      0.0474277      0.0574417
             10            0.1       0.150336      0.0653354
             10            0.1      0.0846422      0.0669336
             12      0.0833333       0.133675      0.0795638
             12      0.0833333       0.194291      0.0834599
             12      0.0833333       0.098726      0.0738679
             12      0.0833333       0.207827      0.0789614
             12      0.0833333       0.194345      0.0879332
             12      0.0833333       0.293934      0.0783177
             12      0.0833333        0.21432      0.0845097
             12      0.0833333       0.235142       0.094223
             12      0.0833333       0.218048      0.0878098
             12      0.0833333       0.172118       0.104352
              5            0.2      0.0250183      0.0184186
              5            0.2      0.0674559      0.0181851
              5            0.2      0.0686526      0.0226046
              5            0.2      0.0133382      0.0202203
              5            0.2      0.0615725      0.0195012
              5            0.2      0.0482595      0.0181262
              5            0.2      0.0182703      0.0189809
              5            0.2      0.0573045      0.0194401
              5            0.2      0.0441029      0.0195127
              5            0.2      0.0768901      0.0206943
              5            0.2      0.0472282      0.0186703
              5            0.2      0.0323984      0.0159866
              5            0.2      0.0414898      0.0175471
              5            0.2      0.0621833      0.0183292
             10            0.1        0.27251      0.0626486
             10            0.1      0.0599091         0.0615
             10            0.1       0.180708      0.0657644
             10            0.1      0.0906496      0.0585086
              7       0.142857       0.146723      0.0411833
              7       0.142857      0.0425596      0.0370079
              7       0.142857       0.110813      0.0375843
              7       0.142857       0.137005      0.0358761
              7       0.142857       0.110577      0.0354006
              7       0.142857      0.0461564      0.0354614
              7       0.142857        0.10115      0.0355343
              7       0.142857       0.125914      0.0358473
              7       0.142857       0.092474      0.0386772
              7       0.142857       0.133964        0.04942
             12      0.0833333       0.166745      0.0868694
             12      0.0833333       0.237268      0.0796578
             12      0.0833333       0.139928        0.08379
             12      0.0833333       0.180933      0.0801271
             12      0.0833333       0.109153      0.0896938
             12      0.0833333       0.226555      0.0841466
             10            0.1       0.165133      0.0655923
             10            0.1       0.187649      0.0669116
             10            0.1       0.119728      0.0621785
             10            0.1      0.0864119      0.0636142
             10            0.1       0.210799      0.0602954
              8          0.125       0.157535      0.0481254
              8          0.125       0.199324      0.0425303
              8          0.125       0.103298      0.0452847
              7       0.142857      0.0712574       0.038172
              7       0.142857        0.11092      0.0443239
              7       0.142857       0.165219      0.0376363
             10            0.1        0.12907      0.0653089
             10            0.1       0.235833      0.0646639
             10            0.1       0.167228      0.0617127
             10            0.1       0.160344      0.0589279
             10            0.1       0.115838      0.0616729
              7       0.142857       0.136903      0.0416429
              7       0.142857      0.0654437      0.0396108
              7       0.142857      0.0784389      0.0364369
              7       0.142857       0.127712      0.0444684
              7       0.142857       0.143328      0.0372622
             10            0.1       0.131647      0.0689567
             10            0.1       0.162256      0.0617741
             10            0.1       0.122882      0.0644571
              8          0.125       0.149708      0.0431036
             10            0.1        0.20214      0.0588891
