Momentum k: (3.14159, 3.14159)
              1       0.776915     0.00088456     0.00113855
              2       0.627427      0.0009111     0.00145212
              3       0.507785    0.000930466      0.0018324
              4       0.413762    0.000895121     0.00216337
              5        0.33692    0.000881396     0.00261604
              6       0.276132    0.000909766     0.00329469
              7       0.226808    0.000932015     0.00410926
              8       0.186584    0.000924933      0.0049572
              9       0.154055    0.000955611     0.00620305
             10       0.127387    0.000854083     0.00670462
             11       0.106062    0.000767079     0.00723234
             12       0.088331    0.000751834     0.00851155
             13      0.0746565    0.000738013     0.00988546
             14      0.0632318    0.000853536      0.0134985
             15      0.0526357       0.000786      0.0149328
             16      0.0443593     0.00079414      0.0179024
             17       0.037246    0.000741449      0.0199068
             18      0.0320247     0.00073459      0.0229382
             19      0.0267911    0.000768147      0.0286717
             20      0.0233288    0.000790901      0.0339024
             21      0.0203177    0.000741941       0.036517
             22      0.0171912    0.000703587      0.0409271
             23      0.0163083    0.000781255      0.0479052
             24      0.0145481    0.000786576      0.0540674
             25      0.0121019    0.000816086      0.0674345
             26      0.0106997    0.000878749      0.0821282
             27      0.0105957    0.000860397      0.0812029
             28     0.00969186    0.000831287      0.0857717
             29     0.00848871    0.000859629       0.101267
             30     0.00737738    0.000781327       0.105908
             31     0.00606321       0.000862       0.142169
             32     0.00614225    0.000733035       0.119343
             33     0.00582891     0.00078305       0.134339
             34     0.00506315     0.00073724       0.145609
             35     0.00430223    0.000702063       0.163186
             36     0.00367399    0.000723632       0.196961
             37      0.0040431    0.000733083       0.181317
             38     0.00391442    0.000736528       0.188158
             39     0.00297045    0.000763949       0.257183
             40     0.00399408    0.000708145       0.177299
             41     0.00370285    0.000762037       0.205798
             42     0.00402804    0.000746494       0.185324
             43     0.00395053     0.00071523       0.181047
             44     0.00409173    0.000695793       0.170048
             45     0.00314391     0.00069718       0.221756
             46     0.00370438    0.000698838       0.188652
             47     0.00384328    0.000750976         0.1954
             48     0.00419399    0.000652793        0.15565
             49     0.00362268    0.000691188       0.190795
             50     0.00323878    0.000763289       0.235672
             51     0.00330711    0.000675322       0.204203
             52     0.00274089    0.000633467       0.231117
             53     0.00313418    0.000683336       0.218027
             54     0.00319768    0.000689792       0.215717
             55     0.00270179    0.000673379       0.249234
             56     0.00243886    0.000632949       0.259527
             57     0.00281484    0.000676084       0.240185
             58      0.0030329    0.000684888       0.225819
             59     0.00308308    0.000666888       0.216306
             60     0.00319212    0.000643078       0.201458
             61       0.002984     0.00066288       0.222144
             62     0.00282841     0.00072279       0.255546
             63     0.00362723    0.000775809       0.213885
             64     0.00397931    0.000736331        0.18504
             65     0.00452455    0.000665418       0.147068
             66      0.0045846     0.00070532       0.153845
             67     0.00460257    0.000654533       0.142211
             68     0.00479854    0.000658959       0.137325
             69      0.0057345    0.000694212       0.121059
             70     0.00662968    0.000667908       0.100745
             71     0.00794945    0.000697192      0.0877031
             72     0.00881486    0.000736095      0.0835061
             73     0.00973134    0.000757377      0.0778286
             74      0.0119475    0.000750555       0.062821
             75      0.0135584    0.000798189      0.0588706
             76      0.0164739     0.00071907      0.0436491
             77      0.0200261     0.00080947      0.0404207
             78      0.0239102    0.000820705      0.0343244
             79      0.0289699    0.000814558      0.0281174
             80      0.0362746    0.000944778      0.0260451
