Momentum k: (1.5708, 1.5708)
              1       0.468242     0.00379457     0.00810386
              2       0.442294     0.00382853     0.00865608
              3       0.419111     0.00366529     0.00874541
              4       0.397833     0.00359605      0.0090391
              5       0.377699     0.00350507     0.00928004
              6       0.361968     0.00350092      0.0096719
              7       0.346185     0.00346959      0.0100224
              8       0.330525     0.00345137      0.0104421
              9       0.317681     0.00341037      0.0107352
             10       0.307797     0.00338408      0.0109945
             11       0.298674      0.0033756       0.011302
             12       0.288505      0.0033081      0.0114663
             13       0.278438     0.00323361      0.0116134
             14       0.269788     0.00314998      0.0116758
             15       0.262434     0.00310718      0.0118399
             16       0.256024     0.00314952      0.0123017
             17        0.24793     0.00300427      0.0121174
             18       0.242768      0.0030446      0.0125412
             19       0.238229     0.00306902      0.0128826
             20       0.232446     0.00306897      0.0132029
             21       0.227636     0.00314534      0.0138174
             22       0.221616     0.00305605      0.0137898
             23       0.216959     0.00295265      0.0136093
             24       0.210915     0.00286041      0.0135619
             25       0.207804       0.002892       0.013917
             26       0.204436     0.00301103      0.0147284
             27       0.201719     0.00305403        0.01514
             28       0.198482     0.00290076      0.0146147
             29       0.196064      0.0029836      0.0152175
             30       0.192596      0.0030569      0.0158721
             31       0.191597      0.0031838      0.0166172
             32       0.190694     0.00319954      0.0167784
             33       0.188971     0.00314851      0.0166613
             34       0.187569     0.00321166      0.0171226
             35       0.186567     0.00308033      0.0165105
             36        0.18506     0.00306069      0.0165389
             37       0.185378     0.00301137      0.0162444
             38       0.185417     0.00308599      0.0166435
             39       0.185485     0.00326369      0.0175955
             40       0.186424     0.00322652      0.0173074
             41       0.184875     0.00320302      0.0173253
             42       0.185788     0.00312514       0.016821
             43       0.187754     0.00325352      0.0173286
             44       0.187324     0.00309026      0.0164968
             45       0.188952       0.003235      0.0171208
             46       0.190416     0.00328618      0.0172579
             47       0.192014     0.00316236      0.0164695
             48       0.193266     0.00304291      0.0157447
             49       0.194032     0.00307904      0.0158687
             50       0.196058     0.00312079      0.0159177
             51       0.198992     0.00303992      0.0152766
             52       0.201527     0.00305159      0.0151424
             53       0.206298     0.00301835       0.014631
             54       0.208718     0.00309281      0.0148181
             55       0.213209     0.00329757      0.0154664
             56       0.217234     0.00332956      0.0153271
             57        0.22075       0.003348      0.0151665
             58       0.225124      0.0032282      0.0143397
             59       0.230374     0.00332813      0.0144466
             60       0.234181     0.00323132      0.0137984
             61       0.239174     0.00313958      0.0131268
             62       0.243072     0.00320858      0.0132001
             63       0.249078     0.00310109      0.0124503
             64        0.25754     0.00330837       0.012846
             65        0.26575      0.0033433      0.0125806
             66       0.272672     0.00345588      0.0126741
             67       0.281108     0.00335488      0.0119345
             68       0.291275     0.00339544      0.0116572
             69        0.30129     0.00343671      0.0114067
             70        0.31261     0.00335413      0.0107295
             71       0.324129     0.00338964      0.0104577
             72       0.336557     0.00339708      0.0100936
             73       0.349101     0.00346101     0.00991406
             74       0.364832      0.0036052     0.00988181
             75         0.3811     0.00354055     0.00929035
             76       0.400102     0.00357855      0.0089441
             77       0.420867     0.00364448     0.00865947
             78       0.444213     0.00370914     0.00834991
             79         0.4702     0.00378204     0.00804348
             80       0.501436     0.00395021      0.0078778
