Momentum k: (3.14159, 3.14159)
              1       0.775823     0.00113833     0.00146726
              2        0.62781     0.00120558     0.00192029
              3       0.508676       0.001249     0.00245539
              4        0.41377     0.00120866      0.0029211
              5       0.337586     0.00119556     0.00354151
              6       0.275015     0.00119153     0.00433261
              7       0.226322     0.00121399     0.00536401
              8       0.187142     0.00118134     0.00631253
              9       0.153799     0.00107516     0.00699068
             10        0.12593      0.0011119      0.0088295
             11        0.10467     0.00109596      0.0104706
             12      0.0870224     0.00105408      0.0121127
             13      0.0744638      0.0010636      0.0142834
             14      0.0618657     0.00104184      0.0168404
             15      0.0510696     0.00105482      0.0206545
             16      0.0428141     0.00108973      0.0254526
             17      0.0362326     0.00128754      0.0355354
             18      0.0309805     0.00123027      0.0397112
             19      0.0264711     0.00109803      0.0414802
             20      0.0231635     0.00105673      0.0456204
             21       0.018933     0.00113789      0.0601007
             22       0.016586     0.00101018      0.0609054
             23      0.0142393    0.000887568      0.0623321
             24      0.0126029    0.000899023      0.0713348
             25      0.0110768     0.00108776      0.0982021
             26      0.0101207     0.00115542       0.114164
             27     0.00909656     0.00106972       0.117596
             28      0.0084473     0.00138091       0.163474
             29     0.00727875      0.0011869       0.163064
             30     0.00721785     0.00145058       0.200972
             31     0.00691781     0.00147384        0.21305
             32     0.00575358     0.00101971        0.17723
             33     0.00422157     0.00110107       0.260821
             34      0.0037499    0.000959202       0.255794
             35     0.00382875    0.000890711       0.232638
             36     0.00219516    0.000930304       0.423797
             37     0.00375759     0.00102227       0.272055
             38     0.00302272     0.00113167       0.374387
             39     0.00235268    0.000957247       0.406875
             40     0.00383226     0.00113487       0.296136
             41      0.0050462     0.00125621       0.248941
             42     0.00438897    0.000986582       0.224787
             43     0.00500808     0.00125529       0.250653
             44     0.00409868     0.00137522       0.335528
             45     0.00378294     0.00124986       0.330394
             46     0.00303162     0.00113854       0.375555
             47     0.00300781     0.00118996       0.395623
             48     0.00257637    0.000970194       0.376573
             49     0.00315247      0.0012723        0.40359
             50     0.00391205     0.00125288       0.320262
             51     0.00322171     0.00118348       0.367346
             52     0.00414169     0.00173084       0.417906
             53     0.00355285     0.00132343       0.372497
             54     0.00292816    0.000956775        0.32675
             55     0.00288955    0.000895239        0.30982
             56     0.00367734    0.000952417       0.258996
             57     0.00347989    0.000942999       0.270985
             58     0.00332666    0.000885719       0.266249
             59     0.00237066    0.000907817       0.382939
             60     0.00313448    0.000874621       0.279032
             61     0.00294634    0.000801311       0.271968
             62     0.00329388    0.000840175       0.255071
             63     0.00366542    0.000890465       0.242936
             64     0.00525646    0.000954815       0.181646
             65     0.00605093     0.00104817       0.173225
             66     0.00532631     0.00098616       0.185149
             67     0.00588153    0.000949665       0.161466
             68     0.00606224     0.00101442       0.167334
             69     0.00673238    0.000939612       0.139566
             70      0.0072748    0.000883823       0.121491
             71      0.0077237    0.000920588        0.11919
             72     0.00887658    0.000975265       0.109869
             73     0.00924714    0.000981737       0.106167
             74      0.0112957    0.000961385      0.0851103
             75      0.0141043    0.000937141      0.0664434
             76      0.0172089    0.000951512      0.0552918
             77      0.0205014    0.000925116      0.0451246
             78      0.0239447    0.000971389      0.0405681
             79       0.029199     0.00100612      0.0344574
             80      0.0375718     0.00104898      0.0279193
