Momentum k: (1.5708, 1.5708)
              1       0.471022    0.000561276     0.00119161
              2       0.444572    0.000863815     0.00194303
              3       0.421438    0.000989194     0.00234719
              4       0.402215     0.00107129     0.00266347
              5       0.384236     0.00124544     0.00324135
              6       0.367732     0.00141206     0.00383991
              7       0.353042     0.00150734     0.00426957
              8       0.339048     0.00157822     0.00465484
              9       0.325539     0.00156128     0.00479599
             10       0.314738     0.00167212     0.00531273
             11       0.303462     0.00182225     0.00600487
             12       0.293589     0.00186332     0.00634668
             13       0.285127     0.00194031     0.00680508
             14       0.276281     0.00205328     0.00743184
             15       0.267911     0.00219861     0.00820652
             16       0.259932     0.00217835     0.00838046
             17        0.25267     0.00223771     0.00885623
             18       0.245837     0.00227145     0.00923964
             19       0.239039     0.00234778     0.00982175
             20       0.233375     0.00236564      0.0101366
             21       0.229112     0.00242815      0.0105981
             22       0.224448     0.00238297       0.010617
             23       0.218933     0.00234943      0.0107313
             24       0.213987     0.00244982      0.0114485
             25       0.209786     0.00249177      0.0118777
             26       0.206192     0.00250408      0.0121444
             27       0.203561     0.00248474      0.0122063
             28       0.200166     0.00249957      0.0124875
             29       0.197328     0.00250142      0.0126764
             30       0.194035     0.00255005      0.0131422
             31       0.191961     0.00251768      0.0131156
             32       0.189519     0.00249575      0.0131689
             33       0.188202     0.00258551       0.013738
             34       0.186676     0.00257211      0.0137785
             35        0.18448      0.0025495      0.0138199
             36       0.183753     0.00251137      0.0136671
             37        0.18263     0.00250453      0.0137137
             38       0.182097     0.00247156      0.0135728
             39       0.181927     0.00237185      0.0130374
             40       0.183292     0.00245422      0.0133897
             41        0.18359     0.00234111      0.0127519
             42       0.183808     0.00229979      0.0125119
             43       0.183667     0.00227764      0.0124009
             44       0.184183     0.00219909      0.0119397
             45       0.185688     0.00211519      0.0113911
             46       0.186767     0.00217441      0.0116423
             47       0.188248     0.00230494      0.0122442
             48        0.18955     0.00219655      0.0115883
             49       0.191634     0.00222023      0.0115858
             50       0.194705     0.00209975      0.0107843
             51        0.19712     0.00204936      0.0103965
             52       0.200338     0.00202641      0.0101149
             53       0.203648     0.00209354      0.0102802
             54         0.2064     0.00209045      0.0101282
             55       0.209691     0.00211574      0.0100898
             56       0.214242     0.00213485      0.0099647
             57       0.218457     0.00216573     0.00991376
             58       0.222878     0.00214545     0.00962615
             59        0.22717     0.00214401     0.00943788
             60       0.233149     0.00213882     0.00917363
             61       0.239239      0.0021035     0.00879245
             62        0.24406       0.002031     0.00832171
             63       0.250932       0.001989     0.00792645
             64       0.258318     0.00206864     0.00800811
             65       0.267413     0.00206797     0.00773324
             66       0.274038     0.00196449     0.00716869
             67       0.282884     0.00191655     0.00677502
             68        0.29097     0.00177276     0.00609259
             69       0.301409     0.00174574     0.00579191
             70       0.312692      0.0017564     0.00561703
             71       0.324682     0.00180595     0.00556221
             72       0.337623     0.00163604     0.00484575
             73       0.351276     0.00158254     0.00450513
             74       0.366138     0.00151641     0.00414165
             75       0.382045      0.0013365     0.00349829
             76       0.399615     0.00109269     0.00273436
             77       0.421089    0.000966933     0.00229626
             78       0.443516    0.000811931     0.00183067
             79       0.469487    0.000587862     0.00125214
             80       0.499854     1.6079e-05    3.21673e-05
