             -0           0.25       -1.49933      0.0126901    1.12535e-07            0.5           -nan           -nan    7.05014e-11           -nan              0        3.14159        3.14159
           -0.5       0.266028       -1.49618      0.0114919    0.000494514       0.466419     0.00169009    0.000430105    5.38695e-06    7.16721e-05    0.000160992        3.14159        3.14159
             -1       0.282429       -1.48769       0.010501     0.00249344       0.434076     0.00204236    0.000890586    6.08021e-06    0.000102754    0.000207243        3.14159        3.14159
           -1.5       0.298045       -1.47262     0.00961682     0.00552722       0.401925     0.00220289     0.00102951     5.3998e-06    0.000110514    0.000251245        3.14159        3.14159
             -2       0.314601       -1.45129     0.00884545     0.00966872       0.370961     0.00244925     0.00127304    4.88667e-06    0.000157569    0.000240764        3.14159        3.14159
           -2.5       0.327943       -1.42178     0.00813741       0.014725       0.340199     0.00233774     0.00132305    7.26908e-06    0.000259383     0.00040738        3.14159        3.14159
             -3       0.345187       -1.39359     0.00747761      0.0208286       0.310008     0.00290991     0.00188318     6.0994e-06    0.000294617     0.00050082        3.14159        3.14159
           -3.5       0.365421       -1.34873       0.006838      0.0289594       0.280426     0.00315534     0.00217522    9.74352e-06    0.000335728    0.000605571        3.14159        3.14159
             -4       0.372128       -1.30886     0.00622716      0.0359322       0.250818     0.00307941      0.0028288     1.1969e-05    0.000506754    0.000785716        3.14159        3.14159
           -4.5       0.388619       -1.25378     0.00563058      0.0460091       0.222986     0.00299394       0.002663    1.02168e-05    0.000673402    0.000605661        3.14159        3.14159
             -5       0.396857       -1.20461     0.00508703      0.0541355       0.197261     0.00398794     0.00318001    9.35526e-06     0.00081737    0.000606935        3.14159        3.14159
           -5.5       0.400388       -1.16177     0.00459704      0.0628723       0.175441     0.00448998     0.00349817    7.60521e-06     0.00108298    0.000440982        3.14159        3.14159
             -6       0.404767       -1.09816     0.00405693      0.0708252       0.149123     0.00485545     0.00481179    5.07352e-05     0.00145043     0.00393488        3.14159        3.14159
           -6.5       0.403988       -1.05331     0.00371577      0.0782035       0.137837     0.00485132     0.00478934     3.3088e-05      0.0011157    0.000990853        3.14159        3.14159
             -7       0.387526      -0.992997      0.0033165      0.0848368       0.120965     0.00506312      0.0054566    1.74098e-05     0.00173787    0.000971463        3.14159        3.14159
           -7.5       0.373491      -0.933719     0.00292168      0.0885249       0.104307      0.0074144     0.00716104    3.79052e-05     0.00213718     0.00263737        3.14159        3.14159
             -8       0.354454      -0.864848     0.00256734      0.0912915      0.0837062     0.00731265     0.00862545    6.40714e-05     0.00221621     0.00892202        3.14159        3.14159
