Momentum k: (1.5708, 1.5708)
              1       0.467642      0.0106755      0.0228283
              2       0.445484      0.0108001      0.0242436
              3       0.420168     0.00944472      0.0224784
              4       0.394582      0.0093605      0.0237226
              5       0.374389     0.00874499       0.023358
              6        0.35657     0.00937498      0.0262921
              7       0.343503     0.00883364      0.0257163
              8        0.32597     0.00969039      0.0297279
              9       0.311135      0.0104553      0.0336036
             10       0.295217      0.0103655      0.0351116
             11       0.287812       0.010038      0.0348767
             12       0.275589      0.0098519      0.0357485
             13       0.266709     0.00939126      0.0352117
             14       0.257407     0.00960891      0.0373296
             15       0.247689     0.00985062      0.0397701
             16       0.241605      0.0102015      0.0422239
             17       0.229898     0.00863796      0.0375731
             18       0.223494     0.00881223      0.0394293
             19       0.214438     0.00922948      0.0430403
             20       0.205935     0.00891741       0.043302
             21       0.192284     0.00798003      0.0415014
             22       0.185419       0.008141      0.0439061
             23       0.179018     0.00717446      0.0400767
             24       0.172031     0.00754816      0.0438769
             25       0.166643     0.00728886      0.0437393
             26       0.159705     0.00713987      0.0447066
             27       0.156524     0.00697777      0.0445796
             28       0.147841     0.00743341      0.0502797
             29       0.145542     0.00748866      0.0514537
             30       0.140014     0.00686492      0.0490304
             31       0.134748     0.00754539      0.0559965
             32       0.131428     0.00866941      0.0659631
             33       0.126598     0.00869327      0.0686681
             34       0.124911     0.00995055      0.0796611
             35       0.121652     0.00957626      0.0787183
             36       0.113377      0.0106166      0.0936397
             37        0.10498      0.0105202       0.100211
             38       0.101195      0.0104806       0.103568
             39        0.10138      0.0109013       0.107529
             40      0.0980785      0.0102056       0.104055
             41      0.0984033     0.00943453      0.0958761
             42      0.0971312     0.00877112      0.0903018
             43      0.0938254     0.00879405      0.0937278
             44      0.0924476     0.00945009       0.102221
             45      0.0911467      0.0090907      0.0997369
             46      0.0872195     0.00972471       0.111497
             47      0.0880104     0.00910168       0.103416
             48       0.086165     0.00824562      0.0956957
             49      0.0804797     0.00851408       0.105792
             50      0.0819862     0.00850311       0.103714
             51      0.0808247     0.00905911       0.112083
             52      0.0814487     0.00955622       0.117328
             53       0.075978     0.00948531       0.124843
             54      0.0739816     0.00964588       0.130382
             55      0.0680818      0.0090232       0.132535
             56       0.066711     0.00830087        0.12443
             57      0.0679057     0.00816811       0.120286
             58      0.0610252     0.00969893       0.158933
             59      0.0578574     0.00961009         0.1661
             60      0.0542875      0.0101517          0.187
             61      0.0562965     0.00947155       0.168244
             62      0.0542732     0.00964373       0.177689
             63      0.0568713     0.00939552       0.165207
             64      0.0561558     0.00883627       0.157353
             65      0.0599924     0.00860441       0.143425
             66      0.0561576     0.00917836       0.163439
             67      0.0546582      0.0103773       0.189859
             68      0.0526228      0.0101396       0.192684
             69      0.0487775     0.00998415       0.204688
             70      0.0496782      0.0100493       0.202288
             71      0.0533935      0.0106589        0.19963
             72      0.0518193     0.00991438       0.191326
             73      0.0540899      0.0105975       0.195924
             74      0.0565553       0.011161       0.197347
             75        0.05819         0.0113       0.194191
             76      0.0567722     0.00997414       0.175687
             77       0.056149      0.0100522       0.179027
             78      0.0568196      0.0111147       0.195614
             79      0.0581783      0.0114633       0.197038
             80      0.0586339      0.0111336       0.189883
             81      0.0568995      0.0107171       0.188351
             82      0.0568204       0.010133       0.178335
             83      0.0524751      0.0106094        0.20218
             84       0.048393     0.00946755       0.195639
             85      0.0484816     0.00898543       0.185337
             86      0.0412052     0.00924342       0.224327
             87      0.0452942     0.00995252        0.21973
             88      0.0484999     0.00940774       0.193974
             89      0.0433257       0.009467       0.218508
             90      0.0440284     0.00965699       0.219335
             91      0.0463979      0.0102435       0.220775
             92      0.0462173     0.00989514         0.2141
             93      0.0481318     0.00821818       0.170743
             94      0.0502336     0.00886714       0.176518
             95      0.0455395     0.00792808       0.174092
             96      0.0481302     0.00739429       0.153631
             97      0.0467898     0.00765067       0.163512
             98       0.044462     0.00764384       0.171919
             99      0.0482361     0.00856902       0.177647
            100      0.0545695      0.0094512       0.173196
            101      0.0510263     0.00936358       0.183505
            102      0.0588622     0.00913863       0.155255
            103        0.05985      0.0103382       0.172735
            104       0.061654      0.0121808       0.197567
            105      0.0629848      0.0109671       0.174123
            106      0.0610237      0.0100145       0.164109
            107      0.0622537     0.00995233       0.159867
            108      0.0649079      0.0103248       0.159069
            109      0.0639728     0.00953396       0.149032
            110      0.0657583     0.00950728       0.144579
            111      0.0669476     0.00908421       0.135691
            112      0.0710872     0.00932984       0.131245
            113      0.0776992      0.0093934       0.120894
            114      0.0747974      0.0103381       0.138215
            115      0.0753682      0.0103931       0.137898
            116      0.0818771      0.0108146       0.132083
            117      0.0811156      0.0100372        0.12374
            118      0.0826134     0.00919383       0.111287
            119      0.0808663     0.00998349       0.123457
            120       0.083833     0.00895742       0.106848
            121      0.0865366     0.00903785        0.10444
            122      0.0901807      0.0103451       0.114715
            123      0.0930773     0.00959254        0.10306
            124      0.0944457      0.0111191        0.11773
            125      0.0996342     0.00903908      0.0907226
            126       0.104847     0.00862569      0.0822693
            127       0.110148     0.00909344      0.0825568
            128       0.115229     0.00924932      0.0802688
            129       0.122468     0.00854896      0.0698055
            130       0.126595     0.00890583      0.0703488
            131       0.127286      0.0106192      0.0834279
            132       0.132166      0.0110467       0.083582
            133       0.137485      0.0104549      0.0760437
            134       0.143846      0.0106188      0.0738206
            135       0.151274      0.0101039      0.0667924
            136       0.162523     0.00895218      0.0550826
            137       0.167463      0.0101663      0.0607076
            138       0.173298      0.0107447      0.0620012
            139       0.179623      0.0114597      0.0637986
            140       0.183739      0.0117576      0.0639907
            141       0.192542      0.0109886      0.0570713
            142       0.199604      0.0108936       0.054576
            143       0.211402       0.012392       0.058618
            144       0.224569      0.0121639      0.0541656
            145       0.232979      0.0130826      0.0561536
            146       0.244197      0.0130832      0.0535763
            147        0.25324      0.0125322      0.0494873
            148       0.265553      0.0110236      0.0415119
            149       0.277967      0.0118154      0.0425066
            150       0.289637      0.0121153      0.0418291
            151       0.301068      0.0110293      0.0366339
            152       0.317204      0.0103093      0.0325007
            153       0.338007      0.0108595      0.0321279
            154       0.357103     0.00983851      0.0275509
            155       0.376291     0.00925046      0.0245832
            156       0.397437     0.00905602      0.0227861
            157       0.419391     0.00895529      0.0213531
            158       0.446946     0.00956738      0.0214061
            159       0.473076     0.00960272      0.0202985
            160       0.502049      0.0098426      0.0196049
     -0.0031706     0.00128162      -0.404221
