                 160
                   0        0.6222379632        0.0089886834        0.0144457329
                   1        0.5506609269        0.0079258236        0.0143932922
                   2        0.4928319520        0.0076076569        0.0154366145
                   3        0.4412210173        0.0070620020        0.0160055884
                   4        0.4012249937        0.0069311969        0.0172750875
                   5        0.3633582994        0.0071978215        0.0198091569
                   6        0.3355286832        0.0071911121        0.0214321830
                   7        0.3097245910        0.0079797191        0.0257639185
                   8        0.2841317265        0.0080832825        0.0284490670
                   9        0.2603563511        0.0072339734        0.0277848933
                  10        0.2408780195        0.0070056178        0.0290836740
                  11        0.2238022972        0.0067361651        0.0300987308
                  12        0.2094630594        0.0063668750        0.0303961710
                  13        0.1962060720        0.0068862298        0.0350969250
                  14        0.1838817649        0.0068727703        0.0373760295
                  15        0.1718936279        0.0068446618        0.0398191710
                  16        0.1608438122        0.0055769694        0.0346731980
                  17        0.1498974453        0.0056955183        0.0379961000
                  18        0.1413391628        0.0060431328        0.0427562515
                  19        0.1332011028        0.0051567444        0.0387139765
                  20        0.1282563418        0.0057506371        0.0448370584
                  21        0.1183801357        0.0051417748        0.0434344390
                  22        0.1123582242        0.0051894753        0.0461868758
                  23        0.1064758118        0.0049344796        0.0463436672
                  24        0.1002497687        0.0053794383        0.0536603560
                  25        0.0945331210        0.0053968385        0.0570893932
                  26        0.0912351158        0.0056592937        0.0620297747
                  27        0.0864259023        0.0060368150        0.0698496029
                  28        0.0842097834        0.0059230030        0.0703362810
                  29        0.0797373953        0.0059951652        0.0751863680
                  30        0.0755225407        0.0059061914        0.0782043520
                  31        0.0733310483        0.0061840411        0.0843304604
                  32        0.0685381273        0.0059014936        0.0861052648
                  33        0.0675282760        0.0056306935        0.0833827528
                  34        0.0629326550        0.0057375761        0.0911700946
                  35        0.0614420553        0.0053077689        0.0863865784
                  36        0.0577014023        0.0052383550        0.0907838424
                  37        0.0550934803        0.0048220887        0.0875255779
                  38        0.0529905227        0.0042937419        0.0810284873
                  39        0.0505428320        0.0047911258        0.0947933777
                  40        0.0483267038        0.0042012844        0.0869350508
                  41        0.0449392178        0.0037623473        0.0837208007
                  42        0.0437191058        0.0038134044        0.0872251245
                  43        0.0421041446        0.0037466827        0.0889860787
                  44        0.0403299014        0.0038415046        0.0952520218
                  45        0.0376667345        0.0042217109        0.1120806192
                  46        0.0372866707        0.0043178143        0.1158004788
                  47        0.0349906738        0.0040051103        0.1144622218
                  48        0.0351752374        0.0039805669        0.1131638950
                  49        0.0344348927        0.0038640727        0.1122138740
                  50        0.0313054490        0.0040083984        0.1280415548
                  51        0.0304714246        0.0034028691        0.1116741053
                  52        0.0286547895        0.0036664973        0.1279540811
                  53        0.0273618180        0.0037347305        0.1364942368
                  54        0.0269491450        0.0034863566        0.1293679869
                  55        0.0251963289        0.0033539288        0.1331118052
                  56        0.0235606815        0.0031806703        0.1349990780
                  57        0.0216711199        0.0030513327        0.1408018001
                  58        0.0216073315        0.0026634134        0.1232643351
                  59        0.0214640026        0.0030269516        0.1410245657
                  60        0.0202597288        0.0027183450        0.1341747946
                  61        0.0188314401        0.0029058133        0.1543064853
                  62        0.0183324068        0.0027318281        0.1490163346
                  63        0.0173838344        0.0031583368        0.1816824047
                  64        0.0177215806        0.0027271103        0.1538864040
                  65        0.0179106989        0.0027045096        0.1509996671
                  66        0.0179667806        0.0027509764        0.1531145998
                  67        0.0170933674        0.0030409765        0.1779038841
                  68        0.0158742822        0.0025737411        0.1621327542
                  69        0.0138371569        0.0023461862        0.1695569539
                  70        0.0130041689        0.0022263488        0.1712026950
                  71        0.0122389932        0.0023058172        0.1883992527
                  72        0.0130274289        0.0021614193        0.1659129596
                  73        0.0121264464        0.0021017122        0.1733164119
                  74        0.0125937689        0.0020407685        0.1620458881
                  75        0.0122575317        0.0017824351        0.1454154970
                  76        0.0116443784        0.0014932920        0.1282414502
                  77        0.0112957235        0.0015674487        0.1387647934
                  78        0.0110586293        0.0015298569        0.1383405551
                  79        0.0107313839        0.0016833935        0.1568663901
                  80        0.0112462665        0.0015928024        0.1416294336
                  81        0.0112986711        0.0017892790        0.1583619018
                  82        0.0109996028        0.0019079993        0.1734607468
                  83        0.0110623133        0.0017873225        0.1615686032
                  84        0.0103308113        0.0016257204        0.1573661840
                  85        0.0106261221        0.0016732923        0.1574697091
                  86        0.0097543528        0.0015354916        0.1574160387
                  87        0.0100717821        0.0014651534        0.1454711199
                  88        0.0099261358        0.0013698360        0.1380029475
                  89        0.0102128730        0.0014164996        0.1386974653
                  90        0.0106449882        0.0016847591        0.1582678210
                  91        0.0104186471        0.0014204976        0.1363418446
                  92        0.0113244057        0.0016167931        0.1427706843
                  93        0.0121202866        0.0015143521        0.1249435928
                  94        0.0120973707        0.0015473877        0.1279110791
                  95        0.0116804838        0.0018404863        0.1575693554
                  96        0.0114845616        0.0016782954        0.1461349123
                  97        0.0108953918        0.0014295368        0.1312056360
                  98        0.0103636360        0.0014882823        0.1436061930
                  99        0.0105258909        0.0014047108        0.1334529098
                 100        0.0111689709        0.0013978691        0.1251564825
                 101        0.0124175573        0.0016108222        0.1297213438
                 102        0.0123435461        0.0015153756        0.1227666356
                 103        0.0123099685        0.0017808128        0.1446642898
                 104        0.0131640584        0.0017948911        0.1363478523
                 105        0.0138290374        0.0021185234        0.1531938472
                 106        0.0145429959        0.0025597598        0.1760132379
                 107        0.0150859466        0.0030879516        0.2046906085
                 108        0.0144414869        0.0026012747        0.1801251327
                 109        0.0151266969        0.0022662531        0.1498181092
                 110        0.0150849695        0.0023312277        0.1545397701
                 111        0.0152406325        0.0020873292        0.1369581755
                 112        0.0163130121        0.0023884935        0.1464164587
                 113        0.0170902060        0.0022595337        0.1322121957
                 114        0.0176942396        0.0023270154        0.1315125944
                 115        0.0189079722        0.0022145475        0.1171224236
                 116        0.0188552973        0.0023327838        0.1237203404
                 117        0.0187560073        0.0016761368        0.0893653326
                 118        0.0200406027        0.0017992001        0.0897777427
                 119        0.0214261084        0.0018795152        0.0877207913
                 120        0.0219146564        0.0020794403        0.0948881089
                 121        0.0226978210        0.0019845476        0.0874333960
                 122        0.0251010180        0.0022498354        0.0896312403
                 123        0.0272598258        0.0024079844        0.0883345478
                 124        0.0296343246        0.0028381948        0.0957738976
                 125        0.0315569851        0.0028740748        0.0910757098
                 126        0.0339350372        0.0032764381        0.0965503017
                 127        0.0357714187        0.0029384253        0.0821444986
                 128        0.0380237678        0.0031718072        0.0834164354
                 129        0.0389058029        0.0030018226        0.0771561654
                 130        0.0411110170        0.0032911794        0.0800558985
                 131        0.0437958627        0.0029416428        0.0671671392
                 132        0.0457470472        0.0029764099        0.0650623401
                 133        0.0509503739        0.0034509862        0.0677323031
                 134        0.0533575107        0.0034407588        0.0644849956
                 135        0.0552862549        0.0031775077        0.0574737373
                 136        0.0571831562        0.0030282868        0.0529576709
                 137        0.0606750649        0.0030933037        0.0509814657
                 138        0.0637351825        0.0030977911        0.0486040981
                 139        0.0677939388        0.0031186721        0.0460022257
                 140        0.0730950375        0.0030521577        0.0417560183
                 141        0.0793507239        0.0033087059        0.0416972368
                 142        0.0849229206        0.0033678860        0.0396581503
                 143        0.0917598645        0.0035423813        0.0386049097
                 144        0.0991495222        0.0041079522        0.0414318911
                 145        0.1045358290        0.0038719265        0.0370392289
                 146        0.1137880678        0.0040906096        0.0359493725
                 147        0.1218590919        0.0046945034        0.0385240306
                 148        0.1314377385        0.0047603838        0.0362177853
                 149        0.1412813498        0.0054214549        0.0383734646
                 150        0.1506231089        0.0050705910        0.0336640973
                 151        0.1643125580        0.0053915523        0.0328127832
                 152        0.1804670280        0.0059088850        0.0327421858
                 153        0.1970845423        0.0069269205        0.0351469495
                 154        0.2141273225        0.0065318501        0.0305045151
                 155        0.2320451407        0.0063638973        0.0274252558
                 156        0.2530261642        0.0067790604        0.0267919344
                 157        0.2763793216        0.0073603618        0.0266313768
                 158        0.3037104041        0.0079491134        0.0261733324
                 159        0.3371693611        0.0080590635        0.0239021228
