                   6                 160
                   0                   0        0.0372084275        0.0034701096        0.0932613869
                   0                   1        0.0240987123        0.0033982571        0.1410140527
                   0                   2        0.0134268237        0.0036549109        0.2722096434
                   0                   3        0.0122348230        0.0037039160        0.3027355629
                   0                   4        0.0164442315        0.0033534865        0.2039308750
                   0                   5        0.0093313891        0.0029903850        0.3204651546
                   0                   6        0.0082330977        0.0035279425        0.4285073074
                   0                   7        0.0064499549        0.0037799700        0.5860459579
                   0                   8        0.0032537616        0.0031202209        0.9589580540
                   0                   9        0.0053975604        0.0037993648        0.7039040807
                   0                  10        0.0073809615        0.0024221530        0.3281622592
                   0                  11        0.0093988571        0.0021966829        0.2337180858
                   0                  12        0.0089366024        0.0028802627        0.3222995231
                   0                  13        0.0095896690        0.0040975580        0.4272887837
                   0                  14        0.0072809010        0.0038518975        0.5290413223
                   0                  15        0.0053956942        0.0043746686        0.8107702884
                   0                  16        0.0079303030        0.0052571388        0.6629177810
                   0                  17        0.0046921084        0.0048162299        1.0264532531
                   0                  18        0.0025007920        0.0046263038        1.8499354530
                   0                  19        0.0004582038        0.0044503498        9.7125996443
                   0                  20        0.0038652756        0.0042918289        1.1103552140
                   0                  21       -0.0008672948        0.0036567163       -4.2162323933
                   0                  22        0.0031022675        0.0038316713        1.2351195677
                   0                  23        0.0029111775        0.0038479297        1.3217777784
                   0                  24        0.0039856286        0.0044533921        1.1173625525
                   0                  25        0.0044067693        0.0048591586        1.1026578290
                   0                  26        0.0012357702        0.0037000691        2.9941399990
                   0                  27       -0.0055159608        0.0030128722       -0.5462098545
                   0                  28       -0.0024032160        0.0028361266       -1.1801380225
                   0                  29       -0.0039139939        0.0028750221       -0.7345494672
                   0                  30       -0.0028654125        0.0031332677       -1.0934787564
                   0                  31       -0.0023249590        0.0033653155       -1.4474730604
                   0                  32        0.0031179320        0.0045083232        1.4459337695
                   0                  33        0.0024338324        0.0054632612        2.2447154926
                   0                  34       -0.0004122147        0.0039262338       -9.5247295792
                   0                  35        0.0008062687        0.0035687222        4.4262196818
                   0                  36       -0.0004499992        0.0039273314       -8.7274195340
                   0                  37       -0.0004521720        0.0047666242      -10.5416180782
                   0                  38        0.0019349958        0.0049326542        2.5491808830
                   0                  39        0.0015040850        0.0046893613        3.1177502813
                   0                  40        0.0013019443        0.0035993863        2.7646239172
                   0                  41       -0.0002930975        0.0036616506      -12.4929450422
                   0                  42       -0.0021744055        0.0030658883       -1.4099891984
                   0                  43       -0.0018834855        0.0026953988       -1.4310695745
                   0                  44       -0.0003008151        0.0025317212       -8.4162024590
                   0                  45       -0.0011659338        0.0036129836       -3.0987897210
                   0                  46       -0.0032569032        0.0045740933       -1.4044302262
                   0                  47       -0.0027051692        0.0053273258       -1.9693133750
                   0                  48       -0.0040035542        0.0043549582       -1.0877730246
                   0                  49       -0.0033705110        0.0029603147       -0.8782984797
                   0                  50       -0.0032628848        0.0033525467       -1.0274793472
                   0                  51       -0.0033552204        0.0049811092       -1.4845848001
                   0                  52       -0.0017784270        0.0037400249       -2.1029959543
                   0                  53       -0.0005092306        0.0029785056       -5.8490314410
                   0                  54        0.0007056428        0.0029646810        4.2013904968
                   0                  55        0.0003691117        0.0027885384        7.5547276522
                   0                  56        0.0008640160        0.0034236350        3.9624670460
                   0                  57        0.0011521363        0.0037356510        3.2423690934
                   0                  58        0.0016041332        0.0023985958        1.4952597050
                   0                  59        0.0017283642        0.0028387527        1.6424504788
                   0                  60        0.0067271844        0.0038273007        0.5689305449
                   0                  61        0.0024186461        0.0039168916        1.6194563209
                   0                  62        0.0011001764        0.0025215407        2.2919420999
                   0                  63       -0.0031732090        0.0037109485       -1.1694623764
                   0                  64       -0.0048780713        0.0030497979       -0.6252056897
                   0                  65       -0.0017399079        0.0026435286       -1.5193497049
                   0                  66       -0.0035057103        0.0028906973       -0.8245682369
                   0                  67       -0.0052806495        0.0047949392       -0.9080207284
                   0                  68       -0.0052955149        0.0046763039       -0.8830687773
                   0                  69       -0.0026264130        0.0036238567       -1.3797741304
                   0                  70       -0.0038018384        0.0033316713       -0.8763316476
                   0                  71       -0.0046820333        0.0035536952       -0.7590068203
                   0                  72       -0.0033574313        0.0032358076       -0.9637747616
                   0                  73       -0.0023807343        0.0026611403       -1.1177812837
                   0                  74       -0.0010796690        0.0029196388       -2.7041981842
                   0                  75       -0.0011350033        0.0028589022       -2.5188493385
                   0                  76       -0.0025455203        0.0029715832       -1.1673775344
                   0                  77       -0.0002288813        0.0032214457      -14.0747447090
                   0                  78       -0.0018477757        0.0043926144       -2.3772443470
                   0                  79       -0.0032109795        0.0038995571       -1.2144447295
                   0                  80       -0.0007034900        0.0030168370       -4.2883865631
                   0                  81       -0.0005444522        0.0029243776       -5.3712294640
                   0                  82       -0.0002861291        0.0019353148       -6.7637811907
                   0                  83       -0.0004956948        0.0012778364       -2.5778692158
                   0                  84        0.0025480478        0.0030427514        1.1941500485
                   0                  85        0.0026061045        0.0047732341        1.8315589682
                   0                  86        0.0001386734        0.0033679247       24.2867344729
                   0                  87       -0.0002633763        0.0025508722       -9.6852749793
                   0                  88        0.0003180316        0.0039970830       12.5681948029
                   0                  89       -0.0004358864        0.0058843465      -13.4997259385
                   0                  90        0.0032315261        0.0058429465        1.8081074356
                   0                  91        0.0037975467        0.0055252607        1.4549553175
                   0                  92        0.0044817300        0.0033698070        0.7518986920
                   0                  93        0.0017914083        0.0035884848        2.0031640726
                   0                  94       -0.0004381546        0.0040153920       -9.1643263226
                   0                  95       -0.0074394277        0.0036088247       -0.4850943977
                   0                  96       -0.0030713860        0.0024714773       -0.8046781854
                   0                  97       -0.0061322895        0.0029838501       -0.4865801038
                   0                  98       -0.0039752233        0.0028099303       -0.7068609821
                   0                  99       -0.0051218744        0.0032797474       -0.6403412400
                   0                 100       -0.0025877285        0.0031090093       -1.2014433892
                   0                 101       -0.0043113958        0.0032625519       -0.7567275288
                   0                 102       -0.0020084083        0.0041742866       -2.0784053110
                   0                 103       -0.0014227252        0.0036825368       -2.5883682931
                   0                 104       -0.0014144509        0.0028931790       -2.0454431837
                   0                 105       -0.0014475892        0.0030316644       -2.0942851114
                   0                 106        0.0002049945        0.0026920940       13.1325204226
                   0                 107        0.0000518609        0.0030448181       58.7112007070
                   0                 108        0.0012747272        0.0031304447        2.4557762880
                   0                 109        0.0012350409        0.0020361115        1.6486186703
                   0                 110        0.0008585290        0.0025390257        2.9574139215
                   0                 111        0.0004437478        0.0028602983        6.4457751609
                   0                 112        0.0031668159        0.0035560515        1.1229107092
                   0                 113        0.0015712850        0.0029760237        1.8940063062
                   0                 114       -0.0006719048        0.0023759424       -3.5361294523
                   0                 115       -0.0003433652        0.0019020360       -5.5393966787
                   0                 116        0.0017107593        0.0029348250        1.7155101521
                   0                 117        0.0002434092        0.0037864708       15.5559859352
                   0                 118       -0.0004207804        0.0038746909       -9.2083438218
                   0                 119        0.0004055303        0.0032752070        8.0763559891
                   0                 120       -0.0000773256        0.0031756081      -41.0679977076
                   0                 121        0.0011994124        0.0029510621        2.4604231811
                   0                 122        0.0006631519        0.0025463194        3.8397223841
                   0                 123       -0.0008675451        0.0041731688       -4.8103191361
                   0                 124        0.0026825120        0.0045863480        1.7097213602
                   0                 125        0.0044530231        0.0042364112        0.9513562139
                   0                 126        0.0019435256        0.0049682567        2.5563114605
                   0                 127        0.0062748538        0.0037853839        0.6032624906
                   0                 128        0.0036410563        0.0046354321        1.2731008992
                   0                 129        0.0018966210        0.0063129374        3.3285180812
                   0                 130       -0.0008219456        0.0059389958       -7.2255339220
                   0                 131        0.0038536640        0.0055485751        1.4398180622
                   0                 132        0.0069338569        0.0059671910        0.8605875506
                   0                 133        0.0125615833        0.0042948955        0.3419071778
                   0                 134        0.0100820370        0.0048110804        0.4771932907
                   0                 135        0.0105386766        0.0042487701        0.4031597329
                   0                 136        0.0143436695        0.0050117597        0.3494056850
                   0                 137        0.0195291482        0.0044977544        0.2303098075
                   0                 138        0.0269012429        0.0049475100        0.1839138066
                   0                 139        0.0302965117        0.0041300070        0.1363195548
                   0                 140        0.0357538672        0.0039022268        0.1091413917
                   0                 141        0.0410221883        0.0037637441        0.0917489844
                   0                 142        0.0439960272        0.0038505569        0.0875205589
                   0                 143        0.0518710721        0.0034286165        0.0660988176
                   0                 144        0.0571029831        0.0031039603        0.0543572362
                   0                 145        0.0684087324        0.0030181688        0.0441196424
                   0                 146        0.0834328349        0.0046769679        0.0560566821
                   0                 147        0.1009451580        0.0049979402        0.0495114407
                   0                 148        0.1219243323        0.0050021561        0.0410267257
                   0                 149        0.1421575815        0.0055623012        0.0391277141
                   0                 150        0.1646749154        0.0057119578        0.0346862652
                   0                 151        0.1931744745        0.0060913383        0.0315328323
                   0                 152        0.2315539782        0.0054136116        0.0233794798
                   0                 153        0.2789305597        0.0057811361        0.0207260764
                   0                 154        0.3368671814        0.0050760164        0.0150683019
                   0                 155        0.3970328233        0.0049076084        0.0123607122
                   0                 156        0.4741843111        0.0048824830        0.0102965932
                   0                 157        0.5653649293        0.0052754934        0.0093311295
                   0                 158        0.6747781478        0.0050785564        0.0075262609
                   0                 159        0.8007513528        0.0058488313        0.0073041791
                   1                   0        0.1013945983        0.0067856797        0.0669234834
                   1                   1        0.0891770795        0.0068572775        0.0768950669
                   1                   2        0.0789389428        0.0058296817        0.0738505164
                   1                   3        0.0774124682        0.0062732603        0.0810368202
                   1                   4        0.0749358875        0.0067716814        0.0903663336
                   1                   5        0.0612756338        0.0069749918        0.1138297783
                   1                   6        0.0506368185        0.0058538616        0.1156048458
                   1                   7        0.0444814370        0.0054097694        0.1216185833
                   1                   8        0.0416603723        0.0042878457        0.1029238440
                   1                   9        0.0363362410        0.0049827597        0.1371292003
                   1                  10        0.0349903916        0.0047320629        0.1352389244
                   1                  11        0.0301730609        0.0039288719        0.1302112473
                   1                  12        0.0282631342        0.0037587372        0.1329908141
                   1                  13        0.0246647417        0.0038474362        0.1559893150
                   1                  14        0.0202912120        0.0045116556        0.2223452986
                   1                  15        0.0180060714        0.0048975122        0.2719922694
                   1                  16        0.0131179022        0.0050210116        0.3827602557
                   1                  17        0.0135032077        0.0052937340        0.3920352942
                   1                  18        0.0115755417        0.0053807461        0.4648375227
                   1                  19        0.0148291402        0.0058486927        0.3944053822
                   1                  20        0.0156743637        0.0060132167        0.3836338622
                   1                  21        0.0152197970        0.0049919105        0.3279879825
                   1                  22        0.0161676734        0.0057453366        0.3553595152
                   1                  23        0.0108441628        0.0052519641        0.4843125468
                   1                  24        0.0105754139        0.0052641713        0.4977744947
                   1                  25        0.0133537048        0.0053119768        0.3977904885
                   1                  26        0.0121568228        0.0041096232        0.3380507574
                   1                  27        0.0089105420        0.0049161707        0.5517252134
                   1                  28        0.0072672841        0.0047503408        0.6536610852
                   1                  29        0.0051346404        0.0045355551        0.8833247791
                   1                  30        0.0043331705        0.0046150116        1.0650426908
                   1                  31        0.0078246354        0.0053083114        0.6784100591
                   1                  32        0.0044908249        0.0058013143        1.2918148508
                   1                  33        0.0035810333        0.0052128268        1.4556767038
                   1                  34        0.0044955469        0.0048890847        1.0875394744
                   1                  35        0.0029197505        0.0046684344        1.5989155109
                   1                  36        0.0013086071        0.0052982904        4.0488016319
                   1                  37        0.0015283011        0.0052820044        3.4561281088
                   1                  38       -0.0007354085        0.0045622342       -6.2036733190
                   1                  39       -0.0011235429        0.0037685904       -3.3542026283
                   1                  40        0.0018792962        0.0045863160        2.4404433798
                   1                  41        0.0035011481        0.0050478328        1.4417649947
                   1                  42        0.0023645763        0.0040507378        1.7130924641
                   1                  43        0.0017938314        0.0039217118        2.1862209885
                   1                  44        0.0039758693        0.0036812519        0.9258986316
                   1                  45        0.0032982508        0.0051432464        1.5593860890
                   1                  46        0.0006891858        0.0062575120        9.0795716469
                   1                  47       -0.0004171483        0.0047646222      -11.4218914352
                   1                  48       -0.0012461747        0.0044910269       -3.6038500980
                   1                  49        0.0017059410        0.0041495389        2.4324047240
                   1                  50       -0.0013151542        0.0050176656       -3.8152678168
                   1                  51       -0.0013007152        0.0052126553       -4.0075299960
                   1                  52        0.0003799918        0.0060421771       15.9008081827
                   1                  53        0.0035411162        0.0062212439        1.7568595495
                   1                  54        0.0047843450        0.0053424601        1.1166544460
                   1                  55        0.0026254145        0.0058115291        2.2135663655
                   1                  56        0.0022431052        0.0050194711        2.2377332238
                   1                  57        0.0064223265        0.0053028723        0.8256933636
                   1                  58        0.0064917769        0.0049198438        0.7578578110
                   1                  59        0.0063363976        0.0066006591        1.0417053337
                   1                  60        0.0038997199        0.0060142537        1.5422271129
                   1                  61        0.0059958808        0.0072091555        1.2023513729
                   1                  62        0.0057058608        0.0053614249        0.9396347135
                   1                  63        0.0062373405        0.0056679628        0.9087146687
                   1                  64        0.0065725063        0.0051194725        0.7789224179
                   1                  65        0.0037264432        0.0048541731        1.3026290304
                   1                  66        0.0015002386        0.0035527351        2.3681132803
                   1                  67        0.0006471860        0.0023725991        3.6660232717
                   1                  68       -0.0022296939        0.0029321849       -1.3150616110
                   1                  69       -0.0012473121        0.0030900766       -2.4773884209
                   1                  70        0.0004974676        0.0028932387        5.8159334138
                   1                  71        0.0034398217        0.0030526565        0.8874461444
                   1                  72        0.0039890097        0.0032152014        0.8060149501
                   1                  73        0.0038374559        0.0035397437        0.9224193735
                   1                  74        0.0065807557        0.0046375970        0.7047210416
                   1                  75        0.0094787018        0.0039886626        0.4208026216
                   1                  76        0.0067668908        0.0039240111        0.5798839215
                   1                  77        0.0079498382        0.0043198142        0.5433839195
                   1                  78        0.0103402980        0.0063724687        0.6162751575
                   1                  79        0.0130879345        0.0094491766        0.7219761549
                   1                  80        0.0097246776        0.0088699783        0.9121102714
                   1                  81        0.0099916948        0.0075205382        0.7526789337
                   1                  82        0.0077934229        0.0048055641        0.6166179023
                   1                  83        0.0054578708        0.0055588483        1.0185012612
                   1                  84        0.0089854728        0.0050828406        0.5656731422
                   1                  85        0.0052921817        0.0034330826        0.6487083849
                   1                  86        0.0090279038        0.0056012869        0.6204415789
                   1                  87        0.0109789524        0.0070745247        0.6443715656
                   1                  88        0.0136126008        0.0069881688        0.5133602968
                   1                  89        0.0073361406        0.0056286082        0.7672437709
                   1                  90        0.0077233485        0.0035753212        0.4629237165
                   1                  91        0.0116977736        0.0046435650        0.3969614381
                   1                  92        0.0131492300        0.0066595048        0.5064558752
                   1                  93        0.0081283929        0.0031737374        0.3904507896
                   1                  94        0.0118697560        0.0054920867        0.4626958355
                   1                  95        0.0104645868        0.0050087203        0.4786352664
                   1                  96        0.0090193542        0.0041101350        0.4557016977
                   1                  97        0.0090750502        0.0050151629        0.5526319702
                   1                  98        0.0066403868        0.0043944565        0.6617771939
                   1                  99        0.0039353480        0.0039715686        1.0092038962
                   1                 100        0.0062879137        0.0037960925        0.6037125667
                   1                 101        0.0092092177        0.0038415283        0.4171394782
                   1                 102        0.0092445534        0.0041136960        0.4449859122
                   1                 103        0.0089712051        0.0043951642        0.4899190445
                   1                 104        0.0099834162        0.0044173632        0.4424701090
                   1                 105        0.0059583553        0.0081411655        1.3663444129
                   1                 106        0.0054337703        0.0079690468        1.4665777864
                   1                 107        0.0069008320        0.0078872860        1.1429471078
                   1                 108        0.0089844279        0.0093107549        1.0363213926
                   1                 109        0.0137105847        0.0057147508        0.4168130590
                   1                 110        0.0171271043        0.0042887631        0.2504079500
                   1                 111        0.0170466867        0.0052138443        0.3058567536
                   1                 112        0.0206270383        0.0051114128        0.2478015861
                   1                 113        0.0209737822        0.0046710577        0.2227093637
                   1                 114        0.0260649243        0.0051536014        0.1977217094
                   1                 115        0.0267256199        0.0060685560        0.2270688595
                   1                 116        0.0258841277        0.0055492675        0.2143888180
                   1                 117        0.0257972992        0.0057844383        0.2242265072
                   1                 118        0.0305463833        0.0052607775        0.1722226001
                   1                 119        0.0333179622        0.0048805426        0.1464838273
                   1                 120        0.0347457490        0.0046595537        0.1341042812
                   1                 121        0.0377296373        0.0043997083        0.1166114645
                   1                 122        0.0423140357        0.0047401277        0.1120225860
                   1                 123        0.0462590066        0.0052419028        0.1133163714
                   1                 124        0.0500841530        0.0058497314        0.1167980493
                   1                 125        0.0576395143        0.0059228171        0.1027561944
                   1                 126        0.0634177697        0.0065622388        0.1034763408
                   1                 127        0.0686755175        0.0080385016        0.1170504696
                   1                 128        0.0709922286        0.0078608862        0.1107288276
                   1                 129        0.0770831155        0.0082232941        0.1066808742
                   1                 130        0.0805102415        0.0069216885        0.0859727698
                   1                 131        0.0892920848        0.0075880288        0.0849798598
                   1                 132        0.0945641850        0.0084035360        0.0888659490
                   1                 133        0.1016133160        0.0082425669        0.0811169959
                   1                 134        0.1112805159        0.0084277254        0.0757340611
                   1                 135        0.1185726399        0.0078723837        0.0663929190
                   1                 136        0.1296893197        0.0081055172        0.0624994963
                   1                 137        0.1378638036        0.0073254196        0.0531351917
                   1                 138        0.1517285946        0.0078569928        0.0517832044
                   1                 139        0.1606155358        0.0067031592        0.0417341892
                   1                 140        0.1757443776        0.0073821143        0.0420048393
                   1                 141        0.1877254568        0.0066283010        0.0353084823
                   1                 142        0.2035702289        0.0066233702        0.0325360452
                   1                 143        0.2189415172        0.0070078413        0.0320078226
                   1                 144        0.2334818742        0.0061796097        0.0264671924
                   1                 145        0.2517229909        0.0057223340        0.0227326633
                   1                 146        0.2724119528        0.0065484008        0.0240385958
                   1                 147        0.2991872229        0.0069499678        0.0232294941
                   1                 148        0.3242917458        0.0069053739        0.0212937086
                   1                 149        0.3483397624        0.0062559430        0.0179593134
                   1                 150        0.3757051365        0.0063636712        0.0169379403
                   1                 151        0.4099537879        0.0077030663        0.0187900845
                   1                 152        0.4488523225        0.0067318621        0.0149979443
                   1                 153        0.4810452496        0.0068470516        0.0142336954
                   1                 154        0.5264137179        0.0069754854        0.0132509567
                   1                 155        0.5732961499        0.0075811782        0.0132238428
                   1                 156        0.6219700051        0.0069452025        0.0111664590
                   1                 157        0.6824837860        0.0067512581        0.0098921882
                   1                 158        0.7455734950        0.0067954205        0.0091143536
                   1                 159        0.8191464470        0.0064004865        0.0078136046
                   2                   0        0.7666008977        0.0203479124        0.0265430323
                   2                   1        0.7174922602        0.0206228033        0.0287428930
                   2                   2        0.6667945901        0.0196676617        0.0294958328
                   2                   3        0.6310718629        0.0193661197        0.0306876615
                   2                   4        0.5915772057        0.0185976289        0.0314373656
                   2                   5        0.5592212656        0.0186014110        0.0332630608
                   2                   6        0.5262026764        0.0169842269        0.0322769679
                   2                   7        0.4973730450        0.0170135354        0.0342067902
                   2                   8        0.4689137518        0.0163032423        0.0347681044
                   2                   9        0.4456775113        0.0159684497        0.0358296062
                   2                  10        0.4235362568        0.0148437412        0.0350471558
                   2                  11        0.4048310788        0.0141030847        0.0348369616
                   2                  12        0.3840805321        0.0127546942        0.0332083850
                   2                  13        0.3699848463        0.0120165163        0.0324784013
                   2                  14        0.3482750771        0.0115363389        0.0331242161
                   2                  15        0.3257684221        0.0121455380        0.0372827359
                   2                  16        0.3116725108        0.0117118225        0.0375773356
                   2                  17        0.2963191515        0.0116277370        0.0392405855
                   2                  18        0.2863361268        0.0124918128        0.0436263945
                   2                  19        0.2734218237        0.0124999958        0.0457168913
                   2                  20        0.2584997463        0.0123443421        0.0477537880
                   2                  21        0.2455019582        0.0122203261        0.0497768987
                   2                  22        0.2406379542        0.0117831212        0.0489661794
                   2                  23        0.2320739878        0.0119178022        0.0513534597
                   2                  24        0.2219362127        0.0114464104        0.0515752262
                   2                  25        0.2092444734        0.0126831546        0.0606140481
                   2                  26        0.2007114394        0.0116299156        0.0579434617
                   2                  27        0.1914680777        0.0117248539        0.0612365990
                   2                  28        0.1836940133        0.0121990404        0.0664095696
                   2                  29        0.1780096162        0.0117827824        0.0661918307
                   2                  30        0.1748590167        0.0117443010        0.0671644002
                   2                  31        0.1700352658        0.0132618026        0.0779944241
                   2                  32        0.1588391109        0.0123855636        0.0779755285
                   2                  33        0.1509062574        0.0108110909        0.0716411044
                   2                  34        0.1442517802        0.0109966711        0.0762324814
                   2                  35        0.1373771272        0.0102690905        0.0747510940
                   2                  36        0.1313436192        0.0099030941        0.0753983648
                   2                  37        0.1247621004        0.0090755750        0.0727430441
                   2                  38        0.1258549593        0.0094137812        0.0747986512
                   2                  39        0.1215047085        0.0103268247        0.0849911487
                   2                  40        0.1126787985        0.0099445465        0.0882557026
                   2                  41        0.1090668051        0.0097563734        0.0894531879
                   2                  42        0.1066604525        0.0098703057        0.0925395070
                   2                  43        0.1026369499        0.0094598752        0.0921683197
                   2                  44        0.0955022409        0.0089201517        0.0934025377
                   2                  45        0.0963520507        0.0105580835        0.1095781921
                   2                  46        0.0990692655        0.0122154134        0.1233017462
                   2                  47        0.0933761689        0.0102252868        0.1095063858
                   2                  48        0.0901947557        0.0088177949        0.0977639425
                   2                  49        0.0859845040        0.0093889215        0.1091931814
                   2                  50        0.0782737496        0.0100668979        0.1286114174
                   2                  51        0.0770456260        0.0109549325        0.1421875975
                   2                  52        0.0768258976        0.0111219367        0.1447680675
                   2                  53        0.0801495092        0.0136230083        0.1699699525
                   2                  54        0.0729642038        0.0115099363        0.1577477129
                   2                  55        0.0679839443        0.0105451224        0.1551119536
                   2                  56        0.0680538326        0.0109005927        0.1601760296
                   2                  57        0.0671572366        0.0103944519        0.1547778387
                   2                  58        0.0633234513        0.0107958471        0.1704873455
                   2                  59        0.0580899874        0.0104381053        0.1796885450
                   2                  60        0.0524757189        0.0100682791        0.1918654822
                   2                  61        0.0514249835        0.0117953975        0.2293709526
                   2                  62        0.0479178612        0.0114427517        0.2387993008
                   2                  63        0.0464697282        0.0138430099        0.2978930670
                   2                  64        0.0443021087        0.0111517176        0.2517197923
                   2                  65        0.0440394040        0.0104241291        0.2367000486
                   2                  66        0.0475262918        0.0112541650        0.2367987190
                   2                  67        0.0539835330        0.0121090903        0.2243108155
                   2                  68        0.0506968596        0.0108810578        0.2146298197
                   2                  69        0.0413026298        0.0104244259        0.2523913352
                   2                  70        0.0384132604        0.0095281431        0.2480430711
                   2                  71        0.0410263780        0.0116504815        0.2839753851
                   2                  72        0.0387327311        0.0104535349        0.2698889194
                   2                  73        0.0326359885        0.0106728166        0.3270259958
                   2                  74        0.0344209097        0.0113120405        0.3286386270
                   2                  75        0.0333099496        0.0105329204        0.3162094359
                   2                  76        0.0306244232        0.0100735260        0.3289376558
                   2                  77        0.0319423921        0.0099061714        0.3101261591
                   2                  78        0.0367858777        0.0096806463        0.2631620306
                   2                  79        0.0377458089        0.0126486919        0.3351018897
                   2                  80        0.0404541880        0.0127043754        0.3140435149
                   2                  81        0.0421745851        0.0124994932        0.2963750116
                   2                  82        0.0400611019        0.0090688751        0.2263760773
                   2                  83        0.0417653176        0.0082156987        0.1967110314
                   2                  84        0.0352555279        0.0097238012        0.2758092647
                   2                  85        0.0251238871        0.0154693701        0.6157235954
                   2                  86        0.0198699395        0.0168070210        0.8458516456
                   2                  87        0.0166719857        0.0240675411        1.4435917524
                   2                  88        0.0281560456        0.0155833525        0.5534638166
                   2                  89        0.0341789259        0.0156319731        0.4573570624
                   2                  90        0.0343323760        0.0135780540        0.3954883276
                   2                  91        0.0381300106        0.0123292558        0.3233478210
                   2                  92        0.0372093395        0.0114150167        0.3067782670
                   2                  93        0.0315873160        0.0119521373        0.3783840730
                   2                  94        0.0459763398        0.0210303042        0.4574157980
                   2                  95        0.0422752652        0.0205773066        0.4867457720
                   2                  96        0.0431633120        0.0212783896        0.4929739785
                   2                  97        0.0343602943        0.0161188971        0.4691140562
                   2                  98        0.0332069444        0.0146472187        0.4410890244
                   2                  99        0.0402409350        0.0196894825        0.4892898858
                   2                 100        0.0336601709        0.0131550906        0.3908206722
                   2                 101        0.0327200909        0.0113209548        0.3459939887
                   2                 102        0.0345734420        0.0103889221        0.3004885100
                   2                 103        0.0394952974        0.0136994435        0.3468626508
                   2                 104        0.0413584330        0.0156475957        0.3783411171
                   2                 105        0.0415464536        0.0165457676        0.3982474116
                   2                 106        0.0345673228        0.0099209278        0.2870030702
                   2                 107        0.0444178957        0.0164681677        0.3707552421
                   2                 108        0.0366805311        0.0093138745        0.2539187473
                   2                 109        0.0332282393        0.0088542234        0.2664668238
                   2                 110        0.0315596953        0.0083514711        0.2646245806
                   2                 111        0.0265420383        0.0072002002        0.2712753298
                   2                 112        0.0256091476        0.0084439702        0.3297247647
                   2                 113        0.0286022470        0.0076502132        0.2674689561
                   2                 114        0.0289936995        0.0079874127        0.2754878774
                   2                 115        0.0343405061        0.0091175529        0.2655043261
                   2                 116        0.0359872422        0.0107867665        0.2997386259
                   2                 117        0.0374637806        0.0102855756        0.2745471872
                   2                 118        0.0391238943        0.0104874043        0.2680562473
                   2                 119        0.0397719309        0.0095980144        0.2413263368
                   2                 120        0.0396768071        0.0088552055        0.2231834188
                   2                 121        0.0387793669        0.0084350642        0.2175142318
                   2                 122        0.0399641571        0.0083145147        0.2080492954
                   2                 123        0.0424433100        0.0083840777        0.1975359064
                   2                 124        0.0444659951        0.0080278376        0.1805388043
                   2                 125        0.0491111081        0.0075392307        0.1535137571
                   2                 126        0.0487641895        0.0079314353        0.1626487670
                   2                 127        0.0452049979        0.0079394627        0.1756324089
                   2                 128        0.0434384330        0.0096356082        0.2218221871
                   2                 129        0.0386954265        0.0124529738        0.3218203001
                   2                 130        0.0414052353        0.0103842414        0.2507953724
                   2                 131        0.0384871328        0.0106673744        0.2771672935
                   2                 132        0.0419379007        0.0108465839        0.2586344023
                   2                 133        0.0450909071        0.0107233284        0.2378157621
                   2                 134        0.0518768658        0.0093641499        0.1805072398
                   2                 135        0.0575255942        0.0101968829        0.1772581925
                   2                 136        0.0625406818        0.0137943359        0.2205658052
                   2                 137        0.0724391174        0.0112228984        0.1549287022
                   2                 138        0.0739354124        0.0126185325        0.1706696709
                   2                 139        0.0785913647        0.0112475873        0.1431147978
                   2                 140        0.0840417551        0.0112210202        0.1335172048
                   2                 141        0.0921764176        0.0123127203        0.1335777697
                   2                 142        0.0967317972        0.0138707860        0.1433942759
                   2                 143        0.0982178980        0.0131781534        0.1341726270
                   2                 144        0.1023069724        0.0140409421        0.1372432572
                   2                 145        0.1126083967        0.0146715888        0.1302885860
                   2                 146        0.1178635610        0.0142603771        0.1209905507
                   2                 147        0.1196493103        0.0134753845        0.1126240046
                   2                 148        0.1221335289        0.0146130786        0.1196483780
                   2                 149        0.1234588150        0.0138910382        0.1125155636
                   2                 150        0.1253774955        0.0133342653        0.1063529401
                   2                 151        0.1290058387        0.0132830592        0.1029647910
                   2                 152        0.1372076302        0.0139345350        0.1015580179
                   2                 153        0.1478264295        0.0152907924        0.1034374738
                   2                 154        0.1569974624        0.0166309042        0.1059310386
                   2                 155        0.1625698973        0.0169146358        0.1040453128
                   2                 156        0.1723697588        0.0177269390        0.1028425123
                   2                 157        0.1838678031        0.0190088464        0.1033832248
                   2                 158        0.2005897589        0.0192079028        0.0957571458
                   2                 159        0.2144145765        0.0195162684        0.0910211829
                   3                   0        0.7935124230        0.0209721756        0.0264295491
                   3                   1        0.7430423409        0.0208434386        0.0280514817
                   3                   2        0.6892832457        0.0179652467        0.0260636637
                   3                   3        0.6396405300        0.0178554424        0.0279148077
                   3                   4        0.6064327054        0.0170514574        0.0281176414
                   3                   5        0.5781402624        0.0178066660        0.0307999064
                   3                   6        0.5382940746        0.0164800399        0.0306153100
                   3                   7        0.5027226730        0.0150820532        0.0300007419
                   3                   8        0.4770826332        0.0149530741        0.0313427342
                   3                   9        0.4530591227        0.0135318773        0.0298677956
                   3                  10        0.4276193192        0.0126651936        0.0296179172
                   3                  11        0.4084542872        0.0119718595        0.0293101574
                   3                  12        0.3947646621        0.0121381061        0.0307477017
                   3                  13        0.3776924933        0.0118282911        0.0313172523
                   3                  14        0.3551329521        0.0124081515        0.0349394541
                   3                  15        0.3377227410        0.0132965154        0.0393710989
                   3                  16        0.3215050027        0.0135524392        0.0421531208
                   3                  17        0.3088043959        0.0145275495        0.0470445034
                   3                  18        0.2949759782        0.0161256280        0.0546675972
                   3                  19        0.2739799035        0.0174753503        0.0637833290
                   3                  20        0.2587032878        0.0152912733        0.0591073789
                   3                  21        0.2447790613        0.0145993640        0.0596430264
                   3                  22        0.2278108131        0.0139313607        0.0611532020
                   3                  23        0.2115026213        0.0139740329        0.0660702586
                   3                  24        0.2043246138        0.0120453276        0.0589519168
                   3                  25        0.1936605962        0.0122447217        0.0632277395
                   3                  26        0.1804147746        0.0106145434        0.0588341137
                   3                  27        0.1715971400        0.0109400873        0.0637544848
                   3                  28        0.1674917882        0.0104236837        0.0622339987
                   3                  29        0.1568834528        0.0104874459        0.0668486427
                   3                  30        0.1511316933        0.0097507852        0.0645184669
                   3                  31        0.1422545176        0.0112959848        0.0794068617
                   3                  32        0.1359475535        0.0110351938        0.0811724339
                   3                  33        0.1310531189        0.0121250413        0.0925200511
                   3                  34        0.1191347602        0.0119283204        0.1001246016
                   3                  35        0.1195371927        0.0100899268        0.0844082631
                   3                  36        0.1127047895        0.0104925916        0.0930980097
                   3                  37        0.1044136610        0.0098992837        0.0948083191
                   3                  38        0.1027051149        0.0096586393        0.0940424367
                   3                  39        0.1039904140        0.0086491365        0.0831724406
                   3                  40        0.0985913495        0.0098637420        0.1000467287
                   3                  41        0.0994368604        0.0098883092        0.0994430955
                   3                  42        0.0969051607        0.0094272543        0.0972833051
                   3                  43        0.0935611517        0.0087440861        0.0934585133
                   3                  44        0.0893284405        0.0085363466        0.0955613522
                   3                  45        0.0870306482        0.0072715799        0.0835519444
                   3                  46        0.0881792798        0.0066769262        0.0757198995
                   3                  47        0.0770622070        0.0079660657        0.1033718868
                   3                  48        0.0722414779        0.0072470047        0.1003163958
                   3                  49        0.0752263061        0.0075755083        0.1007029153
                   3                  50        0.0696096739        0.0077724793        0.1116580329
                   3                  51        0.0647097895        0.0079453316        0.1227840738
                   3                  52        0.0608646142        0.0084895914        0.1394832044
                   3                  53        0.0560103581        0.0069483613        0.1240549339
                   3                  54        0.0561327513        0.0062054765        0.1105500160
                   3                  55        0.0576811878        0.0068968179        0.1195678894
                   3                  56        0.0557340881        0.0075606612        0.1356559595
                   3                  57        0.0496140944        0.0084647484        0.1706117694
                   3                  58        0.0529300414        0.0078324219        0.1479768718
                   3                  59        0.0493159896        0.0090209503        0.1829214085
                   3                  60        0.0403160225        0.0113212356        0.2808123155
                   3                  61        0.0328995591        0.0113033946        0.3435728294
                   3                  62        0.0349432395        0.0117991657        0.3376666243
                   3                  63        0.0284840509        0.0114738157        0.4028154483
                   3                  64        0.0340670581        0.0086609718        0.2542330405
                   3                  65        0.0334948435        0.0086027650        0.2568384889
                   3                  66        0.0338943425        0.0084529642        0.2493915962
                   3                  67        0.0294770637        0.0082919072        0.2813003093
                   3                  68        0.0355058225        0.0080978005        0.2280696507
                   3                  69        0.0349801196        0.0103457365        0.2957604673
                   3                  70        0.0307623211        0.0087629083        0.2848584882
                   3                  71        0.0292190397        0.0107681142        0.3685307339
                   3                  72        0.0294074365        0.0120653717        0.4102830146
                   3                  73        0.0250505971        0.0113437300        0.4528327179
                   3                  74        0.0285672657        0.0121727765        0.4261092636
                   3                  75        0.0235540780        0.0113316272        0.4810898235
                   3                  76        0.0211493215        0.0126694133        0.5990458531
                   3                  77        0.0215170629        0.0133165649        0.6188839539
                   3                  78        0.0209238450        0.0144864915        0.6923436644
                   3                  79        0.0284808028        0.0192971631        0.6775498305
                   3                  80        0.0248656029        0.0136867709        0.5504298839
                   3                  81        0.0244349293        0.0135825082        0.5558644345
                   3                  82        0.0231049223        0.0114858928        0.4971188692
                   3                  83        0.0260767743        0.0163775482        0.6280511549
                   3                  84        0.0268575675        0.0162752001        0.6059819113
                   3                  85        0.0277473676        0.0166188396        0.5989339181
                   3                  86        0.0220359237        0.0127935618        0.5805775132
                   3                  87        0.0227066442        0.0123661686        0.5446057336
                   3                  88        0.0226857602        0.0148997960        0.6567906822
                   3                  89        0.0317411438        0.0222992683        0.7025351187
                   3                  90        0.0374580592        0.0287248021        0.7668523870
                   3                  91        0.0305484738        0.0226072905        0.7400464788
                   3                  92        0.0379486982        0.0244913488        0.6453804743
                   3                  93        0.0338656457        0.0199534101        0.5891932561
                   3                  94        0.0382030233        0.0228133235        0.5971601591
                   3                  95        0.0399782896        0.0210384590        0.5262471012
                   3                  96        0.0318192371        0.0149459733        0.4697150114
                   3                  97        0.0249169122        0.0110044404        0.4416454301
                   3                  98        0.0205815478        0.0092779173        0.4507881199
                   3                  99        0.0178146791        0.0075288816        0.4226223543
                   3                 100        0.0179262066        0.0091171603        0.5085939567
                   3                 101        0.0204021346        0.0116909056        0.5730236495
                   3                 102        0.0300261612        0.0130568930        0.4348505601
                   3                 103        0.0340859536        0.0189942985        0.5572470899
                   3                 104        0.0351816499        0.0189574636        0.5388452117
                   3                 105        0.0406985599        0.0261994985        0.6437451006
                   3                 106        0.0345890410        0.0217882346        0.6299172790
                   3                 107        0.0360534675        0.0213435302        0.5919966026
                   3                 108        0.0385355772        0.0212680221        0.5519061519
                   3                 109        0.0286344635        0.0143542375        0.5012923498
                   3                 110        0.0324728084        0.0129876579        0.3999548703
                   3                 111        0.0327662586        0.0132201108        0.4034672062
                   3                 112        0.0306465288        0.0117521599        0.3834744225
                   3                 113        0.0282695704        0.0089008975        0.3148578985
                   3                 114        0.0248362856        0.0090547815        0.3645787306
                   3                 115        0.0210047330        0.0095789887        0.4560395339
                   3                 116        0.0272068361        0.0103490114        0.3803827588
                   3                 117        0.0298896345        0.0112131736        0.3751525850
                   3                 118        0.0306579392        0.0120084461        0.3916912341
                   3                 119        0.0285521391        0.0123887661        0.4338997516
                   3                 120        0.0376120854        0.0112871664        0.3000941381
                   3                 121        0.0390271470        0.0119423286        0.3060005544
                   3                 122        0.0384471504        0.0136422646        0.3548316180
                   3                 123        0.0374794818        0.0140397134        0.3745973192
                   3                 124        0.0365194520        0.0134896940        0.3693838010
                   3                 125        0.0431265693        0.0155977536        0.3616738786
                   3                 126        0.0441491473        0.0145444585        0.3294391706
                   3                 127        0.0406945536        0.0161637069        0.3971958281
                   3                 128        0.0432548186        0.0162705198        0.3761550808
                   3                 129        0.0418557796        0.0175120683        0.4183906861
                   3                 130        0.0387810289        0.0195634737        0.5044598931
                   3                 131        0.0408984820        0.0211092982        0.5161389170
                   3                 132        0.0447986417        0.0190696040        0.4256737105
                   3                 133        0.0394198340        0.0170460513        0.4324232136
                   3                 134        0.0384450330        0.0152113788        0.3956656447
                   3                 135        0.0431124953        0.0148000645        0.3432894420
                   3                 136        0.0369061769        0.0152545552        0.4133333907
                   3                 137        0.0475524535        0.0135988972        0.2859767727
                   3                 138        0.0527827565        0.0162311497        0.3075085652
                   3                 139        0.0645197279        0.0156232049        0.2421461681
                   3                 140        0.0771263842        0.0175768574        0.2278968163
                   3                 141        0.0754071508        0.0182714282        0.2423036548
                   3                 142        0.0825261594        0.0195431314        0.2368113521
                   3                 143        0.0836990219        0.0195046083        0.2330326914
                   3                 144        0.0843089313        0.0163557805        0.1939981954
                   3                 145        0.0860921053        0.0152561003        0.1772067284
                   3                 146        0.0938294143        0.0157343676        0.1676912051
                   3                 147        0.1072222120        0.0155746118        0.1452554604
                   3                 148        0.1093150989        0.0159736338        0.1461246797
                   3                 149        0.1077672070        0.0154825577        0.1436666881
                   3                 150        0.1172333983        0.0176033821        0.1501567163
                   3                 151        0.1163596330        0.0176378709        0.1515806682
                   3                 152        0.1260088887        0.0182277995        0.1446548709
                   3                 153        0.1304392624        0.0176881112        0.1356041953
                   3                 154        0.1409815498        0.0193934023        0.1375598601
                   3                 155        0.1486098205        0.0192317244        0.1294108579
                   3                 156        0.1562534340        0.0203078067        0.1299671066
                   3                 157        0.1611894281        0.0190054002        0.1179072377
                   3                 158        0.1717864463        0.0185712917        0.1081068505
                   3                 159        0.1843082991        0.0201548261        0.1093538717
                   4                   0        0.9596232907        0.0036246398        0.0037771486
                   4                   1        0.8329225524        0.0043003423        0.0051629557
                   4                   2        0.7151174098        0.0037405291        0.0052306503
                   4                   3        0.6233573450        0.0042078304        0.0067502700
                   4                   4        0.5392799349        0.0040602035        0.0075289348
                   4                   5        0.4700317206        0.0052287716        0.0111242952
                   4                   6        0.4108407038        0.0050142268        0.0122047956
                   4                   7        0.3620297843        0.0058933437        0.0162786156
                   4                   8        0.3178390163        0.0055972812        0.0176104281
                   4                   9        0.2794177623        0.0062650699        0.0224218743
                   4                  10        0.2478001666        0.0057601276        0.0232450515
                   4                  11        0.2188951216        0.0057953621        0.0264755198
                   4                  12        0.1960173149        0.0051644882        0.0263471019
                   4                  13        0.1760288723        0.0049090824        0.0278879389
                   4                  14        0.1559473695        0.0047372795        0.0303774251
                   4                  15        0.1389646896        0.0046515301        0.0334727484
                   4                  16        0.1220866973        0.0046108159        0.0377667350
                   4                  17        0.1099273296        0.0042477463        0.0386414038
                   4                  18        0.0963498722        0.0035768380        0.0371234331
                   4                  19        0.0815298272        0.0038177257        0.0468261229
                   4                  20        0.0729323071        0.0036210018        0.0496488035
                   4                  21        0.0659379126        0.0034347530        0.0520907142
                   4                  22        0.0620749735        0.0031406802        0.0505949502
                   4                  23        0.0573407081        0.0035867910        0.0625522627
                   4                  24        0.0482204128        0.0036412781        0.0755132093
                   4                  25        0.0432305170        0.0038110185        0.0881557459
                   4                  26        0.0366713261        0.0033816270        0.0922144737
                   4                  27        0.0347131354        0.0029085313        0.0837876276
                   4                  28        0.0340378376        0.0030725917        0.0902698840
                   4                  29        0.0295111753        0.0029335675        0.0994053075
                   4                  30        0.0286040431        0.0027036118        0.0945185202
                   4                  31        0.0268725052        0.0034423819        0.1281005207
                   4                  32        0.0214598092        0.0034894525        0.1626040800
                   4                  33        0.0200086051        0.0031577482        0.1578195093
                   4                  34        0.0185484384        0.0026898944        0.1450199932
                   4                  35        0.0153225505        0.0027136631        0.1771025721
                   4                  36        0.0150637377        0.0029164772        0.1936091320
                   4                  37        0.0128908208        0.0031524905        0.2445531213
                   4                  38        0.0114718362        0.0032306210        0.2816132433
                   4                  39        0.0113977764        0.0030942440        0.2714778680
                   4                  40        0.0099284358        0.0022506918        0.2266914837
                   4                  41        0.0079439657        0.0021241902        0.2673967058
                   4                  42        0.0081233870        0.0030774380        0.3788368091
                   4                  43        0.0079419965        0.0025686496        0.3234261860
                   4                  44        0.0073469095        0.0023480532        0.3195974101
                   4                  45        0.0068891776        0.0031805881        0.4616789289
                   4                  46        0.0075556154        0.0042667716        0.5647152956
                   4                  47        0.0072480818        0.0030379757        0.4191420220
                   4                  48        0.0073461338        0.0030248244        0.4117573313
                   4                  49        0.0043905746        0.0025186457        0.5736483152
                   4                  50        0.0046691301        0.0024667065        0.5283010892
                   4                  51        0.0035062114        0.0023033705        0.6569400099
                   4                  52        0.0023689380        0.0022358321        0.9438120108
                   4                  53        0.0049697240        0.0026273223        0.5286656319
                   4                  54        0.0046979096        0.0021547192        0.4586548793
                   4                  55        0.0049432816        0.0021667509        0.4383223711
                   4                  56        0.0040644038        0.0027561767        0.6781257048
                   4                  57        0.0003225608        0.0031975693        9.9130755287
                   4                  58        0.0009618109        0.0030878957        3.2105017203
                   4                  59        0.0012655973        0.0039320164        3.1068462957
                   4                  60        0.0010741125        0.0040157701        3.7386865230
                   4                  61        0.0016375721        0.0033802533        2.0641859431
                   4                  62        0.0029797169        0.0035138168        1.1792452032
                   4                  63        0.0004528890        0.0040281082        8.8942506880
                   4                  64        0.0054850447        0.0036193541        0.6598586252
                   4                  65        0.0069503794        0.0042454360        0.6108207633
                   4                  66        0.0073755206        0.0039100391        0.5301373755
                   4                  67        0.0096208403        0.0057240895        0.5949677316
                   4                  68        0.0064353296        0.0038796188        0.6028624920
                   4                  69        0.0084637847        0.0051328929        0.6064536219
                   4                  70        0.0031086828        0.0042670620        1.3726270151
                   4                  71        0.0049981689        0.0059284795        1.1861302944
                   4                  72        0.0022837415        0.0037132489        1.6259497299
                   4                  73       -0.0001922500        0.0029485930      -15.3372849712
                   4                  74        0.0008346095        0.0037849974        4.5350521757
                   4                  75       -0.0003845611        0.0035244851       -9.1649555769
                   4                  76        0.0006054848        0.0044560623        7.3594948980
                   4                  77        0.0023594104        0.0034274721        1.4526816147
                   4                  78       -0.0027856411        0.0039850794       -1.4305788773
                   4                  79       -0.0016078646        0.0032591822       -2.0270253115
                   4                  80        0.0063940209        0.0047731260        0.7464983386
                   4                  81        0.0141838177        0.0111301859        0.7847101609
                   4                  82        0.0105791829        0.0094447736        0.8927696695
                   4                  83        0.0140891542        0.0123543024        0.8768661542
                   4                  84        0.0133939224        0.0104867306        0.7829469423
                   4                  85        0.0185233482        0.0150230320        0.8110322115
                   4                  86        0.0099008998        0.0103340830        1.0437518985
                   4                  87        0.0132685028        0.0139369625        1.0503794344
                   4                  88        0.0079563959        0.0083300762        1.0469660293
                   4                  89        0.0106717589        0.0112877929        1.0577256356
                   4                  90        0.0142870033        0.0193010065        1.3509485610
                   4                  91        0.0169765986        0.0201319141        1.1858626472
                   4                  92        0.0172914316        0.0201819807        1.1671665575
                   4                  93        0.0110648519        0.0148879335        1.3455158337
                   4                  94        0.0145830943        0.0153980940        1.0558866135
                   4                  95        0.0098042847        0.0117554009        1.1990064773
                   4                  96        0.0101617935        0.0098651097        0.9708039895
                   4                  97        0.0027297551        0.0029799435        1.0916523570
                   4                  98        0.0042837045        0.0040220722        0.9389238321
                   4                  99        0.0101105585        0.0076220324        0.7538685771
                   4                 100        0.0061597064        0.0049211754        0.7989301881
                   4                 101        0.0069094937        0.0052003344        0.7526361022
                   4                 102        0.0041303048        0.0047607373        1.1526358346
                   4                 103        0.0069722148        0.0077159426        1.1066702421
                   4                 104        0.0044350694        0.0057653476        1.2999452899
                   4                 105        0.0091020668        0.0081868401        0.8994484752
                   4                 106        0.0085913804        0.0094913890        1.1047571687
                   4                 107        0.0047346267        0.0076755520        1.6211525054
                   4                 108        0.0068243209        0.0077273068        1.1323187982
                   4                 109        0.0042586001        0.0048712540        1.1438627394
                   4                 110        0.0002196915        0.0034859302       15.8673903616
                   4                 111        0.0011371549        0.0043180469        3.7972372926
                   4                 112        0.0023600561        0.0062999816        2.6694202513
                   4                 113       -0.0005520013        0.0047800220       -8.6594395046
                   4                 114       -0.0033310124        0.0040072128       -1.2030014469
                   4                 115       -0.0045945994        0.0034673379       -0.7546551104
                   4                 116       -0.0045879438        0.0034628256       -0.7547663455
                   4                 117       -0.0042772216        0.0038221548       -0.8936069169
                   4                 118       -0.0035914447        0.0030597299       -0.8519496044
                   4                 119       -0.0030602883        0.0026068067       -0.8518173553
                   4                 120       -0.0039282394        0.0025262969       -0.6431117274
                   4                 121       -0.0077167007        0.0041600391       -0.5390955579
                   4                 122       -0.0058222609        0.0036689910       -0.6301660244
                   4                 123       -0.0044067612        0.0056224623       -1.2758717676
                   4                 124       -0.0051143251        0.0055747022       -1.0900171708
                   4                 125       -0.0022807586        0.0037491222       -1.6438049257
                   4                 126       -0.0025973041        0.0056129846       -2.1610810386
                   4                 127       -0.0000602127        0.0027516974      -45.6996159389
                   4                 128        0.0013524088        0.0022695925        1.6781852243
                   4                 129        0.0034686279        0.0029207505        0.8420478050
                   4                 130        0.0031310768        0.0025294893        0.8078656381
                   4                 131        0.0017024761        0.0025448608        1.4947997673
                   4                 132        0.0035355470        0.0032984685        0.9329443305
                   4                 133        0.0029201649        0.0038886278        1.3316466443
                   4                 134        0.0032103536        0.0041697660        1.2988494817
                   4                 135        0.0013262977        0.0033726580        2.5429117205
                   4                 136        0.0017744278        0.0036913448        2.0803014163
                   4                 137        0.0027413361        0.0029990664        1.0940163233
                   4                 138        0.0026364058        0.0024770322        0.9395488951
                   4                 139        0.0027378153        0.0022537620        0.8231972371
                   4                 140        0.0021076370        0.0023139703        1.0978979097
                   4                 141        0.0047993346        0.0026067673        0.5431518216
                   4                 142        0.0044651705        0.0023631073        0.5292311476
                   4                 143        0.0052828541        0.0032470405        0.6146375439
                   4                 144        0.0054772366        0.0031728174        0.5792733863
                   4                 145        0.0049597365        0.0033297208        0.6713503367
                   4                 146        0.0030290388        0.0031421870        1.0373544977
                   4                 147        0.0012963542        0.0036499435        2.8155449670
                   4                 148        0.0002843175        0.0042438964       14.9266113176
                   4                 149        0.0008455897        0.0030577891        3.6161616088
                   4                 150        0.0036299435        0.0029307508        0.8073819246
                   4                 151        0.0046360925        0.0024172393        0.5213958335
                   4                 152        0.0077229920        0.0027816409        0.3601765844
                   4                 153        0.0085531631        0.0029517784        0.3451095701
                   4                 154        0.0129247421        0.0033896370        0.2622595484
                   4                 155        0.0173890284        0.0031729774        0.1824700784
                   4                 156        0.0188863528        0.0030636130        0.1622130552
                   4                 157        0.0201629829        0.0031946812        0.1584428873
                   4                 158        0.0264881292        0.0027513517        0.1038711230
                   4                 159        0.0349555388        0.0030598327        0.0875349891
                   5                   0        0.9796981583        0.0042863739        0.0043751985
                   5                   1        0.7701565077        0.0050191511        0.0065170534
                   5                   2        0.6001240617        0.0051506424        0.0085826293
                   5                   3        0.4754950350        0.0052211080        0.0109803628
                   5                   4        0.3721837250        0.0056351829        0.0151408632
                   5                   5        0.2938247573        0.0045884381        0.0156162407
                   5                   6        0.2343820644        0.0039678426        0.0169289516
                   5                   7        0.1835234123        0.0037856575        0.0206276543
                   5                   8        0.1472681813        0.0034056527        0.0231255162
                   5                   9        0.1187579877        0.0038518382        0.0324343509
                   5                  10        0.0980043083        0.0037491245        0.0382546906
                   5                  11        0.0798891173        0.0033904483        0.0424394263
                   5                  12        0.0634522289        0.0028214669        0.0444660013
                   5                  13        0.0561302595        0.0029827748        0.0531402290
                   5                  14        0.0462811078        0.0021424614        0.0462923544
                   5                  15        0.0380593100        0.0026152837        0.0687160031
                   5                  16        0.0292164917        0.0027056359        0.0926064607
                   5                  17        0.0242057854        0.0028978414        0.1197168909
                   5                  18        0.0169252052        0.0028730955        0.1697524793
                   5                  19        0.0123500974        0.0027396224        0.2218300195
                   5                  20        0.0104039748        0.0030511354        0.2932663165
                   5                  21        0.0110212943        0.0027340614        0.2480708087
                   5                  22        0.0080615800        0.0023600795        0.2927564469
                   5                  23        0.0039995451        0.0022768426        0.5692754036
                   5                  24        0.0072329384        0.0022754081        0.3145897266
                   5                  25        0.0056330904        0.0018656387        0.3311927443
                   5                  26       -0.0006555065        0.0029904469       -4.5620401032
                   5                  27       -0.0041084630        0.0036070185       -0.8779484105
                   5                  28       -0.0006797602        0.0033151907       -4.8770002779
                   5                  29       -0.0016544828        0.0033158180       -2.0041417268
                   5                  30       -0.0022171409        0.0028039083       -1.2646504807
                   5                  31       -0.0006256957        0.0028677068       -4.5832292717
                   5                  32        0.0017646965        0.0022258121        1.2613002751
                   5                  33        0.0007571685        0.0019331880        2.5531807364
                   5                  34        0.0002277012        0.0017562320        7.7128786976
                   5                  35        0.0028251517        0.0017251139        0.6106270062
                   5                  36        0.0010629577        0.0021026727        1.9781338700
                   5                  37       -0.0023654901        0.0020121703       -0.8506356953
                   5                  38       -0.0022506637        0.0027666546       -1.2292616373
                   5                  39       -0.0013144416        0.0024558673       -1.8683729900
                   5                  40       -0.0010480454        0.0020925073       -1.9965807960
                   5                  41       -0.0012611548        0.0022089912       -1.7515623434
                   5                  42       -0.0008150813        0.0029419974       -3.6094527739
                   5                  43       -0.0012736923        0.0027818080       -2.1840502933
                   5                  44        0.0006474024        0.0023580563        3.6423349426
                   5                  45       -0.0009600609        0.0019538093       -2.0350889261
                   5                  46       -0.0014970093        0.0022439359       -1.4989458469
                   5                  47       -0.0027479362        0.0019353816       -0.7043036787
                   5                  48       -0.0064103487        0.0026374433       -0.4114352291
                   5                  49       -0.0055731132        0.0027038712       -0.4851635275
                   5                  50       -0.0057226386        0.0036295546       -0.6342449410
                   5                  51       -0.0071038501        0.0037241301       -0.5242410866
                   5                  52       -0.0079379495        0.0039999593       -0.5039033480
                   5                  53       -0.0053463335        0.0046808697       -0.8755289461
                   5                  54       -0.0041833764        0.0033118054       -0.7916584925
                   5                  55       -0.0004959661        0.0031267256       -6.3043130410
                   5                  56       -0.0012301336        0.0035037812       -2.8482931336
                   5                  57       -0.0002386119        0.0032478905      -13.6116016372
                   5                  58       -0.0002432360        0.0033227472      -13.6605903801
                   5                  59       -0.0016766457        0.0055956673       -3.3374178965
                   5                  60        0.0036754589        0.0020931752        0.5695003869
                   5                  61       -0.0001202173        0.0028831186      -23.9825501264
                   5                  62        0.0021988368        0.0021035588        0.9566688969
                   5                  63       -0.0040511804        0.0035450332       -0.8750617977
                   5                  64       -0.0012319040        0.0025899864       -2.1024255106
                   5                  65       -0.0013488855        0.0043128031       -3.1973084526
                   5                  66        0.0021374686        0.0028062231        1.3128722187
                   5                  67        0.0055913321        0.0027273672        0.4877848730
                   5                  68        0.0034743186        0.0027797777        0.8000929162
                   5                  69        0.0056079285        0.0030741039        0.5481710184
                   5                  70        0.0027230955        0.0024782940        0.9101017644
                   5                  71       -0.0004182923        0.0037524426       -8.9708629774
                   5                  72        0.0011030428        0.0031758952        2.8792129966
                   5                  73       -0.0013162925        0.0022165458       -1.6839309645
                   5                  74       -0.0002101727        0.0027805188      -13.2296863955
                   5                  75       -0.0003320011        0.0026741674       -8.0546941256
                   5                  76       -0.0004703222        0.0033260857       -7.0719296722
                   5                  77       -0.0012956877        0.0035128012       -2.7111481214
                   5                  78       -0.0004650062        0.0023292889       -5.0091569781
                   5                  79        0.0025748038        0.0014137585        0.5490742821
                   5                  80        0.0058303616        0.0042670198        0.7318619517
                   5                  81        0.0073673276        0.0062773959        0.8520587344
                   5                  82        0.0040191894        0.0060541931        1.5063219247
                   5                  83        0.0066847980        0.0101840786        1.5234684211
                   5                  84        0.0088861358        0.0108037907        1.2158030249
                   5                  85        0.0107375074        0.0119598006        1.1138339853
                   5                  86        0.0052876444        0.0080526488        1.5229179810
                   5                  87        0.0078773314        0.0146137631        1.8551667317
                   5                  88        0.0030602041        0.0106705124        3.4868629332
                   5                  89        0.0033363081        0.0120080291        3.5991967114
                   5                  90        0.0027723064        0.0105549655        3.8072867965
                   5                  91        0.0035455658        0.0069593515        1.9628324408
                   5                  92        0.0097103974        0.0064103568        0.6601539074
                   5                  93        0.0064470310        0.0038315218        0.5943079648
                   5                  94        0.0052866715        0.0030294567        0.5730366741
                   5                  95        0.0034452705        0.0079256967        2.3004570257
                   5                  96        0.0022851486        0.0067988538        2.9752349040
                   5                  97       -0.0008542515        0.0070021361       -8.1968084999
                   5                  98       -0.0036710934        0.0063199954       -1.7215566755
                   5                  99       -0.0083866243        0.0086103048       -1.0266710968
                   5                 100       -0.0050807151        0.0049299545       -0.9703268999
                   5                 101       -0.0052998595        0.0037964885       -0.7163375731
                   5                 102        0.0013071276        0.0020728697        1.5858205168
                   5                 103       -0.0002452409        0.0019674414       -8.0224856898
                   5                 104       -0.0028562383        0.0021626589       -0.7571703365
                   5                 105       -0.0051010240        0.0043954765       -0.8616851257
                   5                 106       -0.0007413662        0.0020998447       -2.8323988152
                   5                 107       -0.0086910098        0.0043975252       -0.5059855261
                   5                 108       -0.0011483796        0.0041302564       -3.5965949517
                   5                 109       -0.0024930298        0.0033980163       -1.3630066813
                   5                 110       -0.0041362123        0.0044096726       -1.0661136998
                   5                 111        0.0016359519        0.0048647113        2.9736272994
                   5                 112        0.0023647438        0.0063820366        2.6988278752
                   5                 113        0.0029501495        0.0039151914        1.3271162500
                   5                 114        0.0028074111        0.0036897166        1.3142772478
                   5                 115        0.0008413213        0.0034926677        4.1514076818
                   5                 116        0.0008820445        0.0025382392        2.8776771095
                   5                 117        0.0007343202        0.0029236427        3.9814277206
                   5                 118        0.0005206048        0.0029026149        5.5754675269
                   5                 119       -0.0017152107        0.0027015889       -1.5750769707
                   5                 120       -0.0011137498        0.0018521115       -1.6629511885
                   5                 121       -0.0014551988        0.0019626264       -1.3486998321
                   5                 122        0.0026979816        0.0024510362        0.9084703045
                   5                 123        0.0026975096        0.0025325401        0.9388437553
                   5                 124       -0.0002667221        0.0038961375      -14.6074799409
                   5                 125        0.0022623059        0.0024381967        1.0777484899
                   5                 126        0.0034344630        0.0022818270        0.6643911959
                   5                 127        0.0041214927        0.0027308939        0.6625982723
                   5                 128        0.0022744226        0.0026870668        1.1814280813
                   5                 129        0.0070735809        0.0050587495        0.7151610385
                   5                 130        0.0070442057        0.0031309746        0.4444751721
                   5                 131        0.0095198467        0.0040498089        0.4254069456
                   5                 132        0.0098321948        0.0045519608        0.4629648658
                   5                 133        0.0057445394        0.0036024435        0.6271074664
                   5                 134        0.0016920596        0.0023584935        1.3938596441
                   5                 135        0.0036513689        0.0022149124        0.6065978068
                   5                 136        0.0024049863        0.0024434986        1.0160135391
                   5                 137        0.0011191190        0.0021915983        1.9583245237
                   5                 138        0.0027939797        0.0026252269        0.9396012546
                   5                 139        0.0041089110        0.0039645539        0.9648673208
                   5                 140        0.0050725785        0.0036453316        0.7186348297
                   5                 141        0.0059984624        0.0025565945        0.4262083113
                   5                 142        0.0046106532        0.0028890157        0.6265957486
                   5                 143        0.0044209396        0.0025665881        0.5805526362
                   5                 144       -0.0004234164        0.0023336648       -5.5115118615
                   5                 145       -0.0016686396        0.0024763941       -1.4840796720
                   5                 146       -0.0032269530        0.0021678735       -0.6718020129
                   5                 147       -0.0002272030        0.0026151727      -11.5102925648
                   5                 148       -0.0012978962        0.0032518950       -2.5055123551
                   5                 149        0.0015926189        0.0025055480        1.5732250474
                   5                 150        0.0019678210        0.0024880440        1.2643649975
                   5                 151        0.0042917944        0.0022994410        0.5357761319
                   5                 152        0.0043756356        0.0034812566        0.7956002255
                   5                 153        0.0028876184        0.0029784300        1.0314485903
                   5                 154        0.0073575928        0.0025190450        0.3423735241
                   5                 155        0.0070585174        0.0026304845        0.3726681300
                   5                 156        0.0074952915        0.0030448883        0.4062401430
                   5                 157        0.0103284854        0.0028714106        0.2780088710
                   5                 158        0.0141508189        0.0040072555        0.2831818828
                   5                 159        0.0163791649        0.0041101855        0.2509398720
